-1.76015	-2.87819	15.7505
-1.98376	-3.25185	15.0118
-2.23738	-3.70212	14.3402
-2.53032	-4.23932	13.741
-2.87212	-4.87613	13.2227
-3.27292	-5.62745	12.7976
-3.74383	-6.51003	12.4834
-4.29707	-7.54165	12.3051
-4.94599	-8.73966	12.297
-5.70472	-10.1182	12.5056
-6.58742	-11.6837	12.9931
-7.60667	-13.4271	13.8394
-8.77076	-15.3129	15.1441
-10.0792	-17.2617	17.0225
-11.5157	-19.1294	19.5943
-13.0384	-20.6828	22.955
-14.5673	-21.5847	27.1242
-15.9708	-21.4081	31.9662
-17.0582	-19.7131	37.0994
-17.5892	-16.2145	41.8462
-17.3143	-11.0193	45.3184
-16.0553	-4.80181	46.7172
-13.8046	1.30443	45.7675
-10.7828	6.18381	42.9665
-7.38946	9.28773	39.3413
-4.05402	10.7781	35.8705
-1.0876	11.2007	33.0835
1.37006	11.0873	31.0754
3.3135	10.7812	29.7219
4.80705	10.4515	28.8512
5.93594	10.1606	28.3173
6.78088	9.91976	28.0133
7.40865	9.71957	27.8645
7.87084	9.54525	27.8186
8.20572	9.3829	27.8375
8.44116	9.22191	27.8927
8.59731	9.05558	27.962
8.68896	8.88101	28.0277
8.72737	8.69856	28.0763
8.72161	8.51128	28.0972
8.67954	8.3241	28.0833
8.60846	8.14316	28.0305
8.5154	7.97504	27.9376
8.40733	7.82618	27.8058
8.2911	7.70231	27.6387
8.17334	7.60817	27.4419
8.06031	7.54724	27.222
7.95769	7.52172	26.9868
7.8705	7.53253	26.7446
7.80291	7.57949	26.504
7.75822	7.66137	26.2732
7.73885	7.77607	26.0608
7.7463	7.9207	25.8744
7.78118	8.09159	25.7216
7.84326	8.28434	25.609
7.93148	8.49371	25.5427
8.04392	8.71364	25.5278
8.17787	8.93709	25.5681
8.32971	9.15609	25.6662
8.49499	9.36176	25.8227
8.66834	9.54445	26.0361
8.84356	9.69404	26.3022
9.01366	9.80045	26.614
9.17102	9.8543	26.9613
9.30767	9.84773	27.3309
9.41569	9.77534	27.7064
9.48762	9.63512	28.0696
9.51712	9.42921	28.4008
9.49954	9.16434	28.6809
9.4325	8.85169	28.8924
9.31633	8.50631	29.0213
9.15433	8.14588	29.0585
8.95264	7.78918	29.0001
8.71995	7.45432	28.8481
8.46682	7.15733	28.6095
8.20492	6.91097	28.2957
7.94613	6.72422	27.9207
7.70175	6.60235	27.5002
7.48187	6.54728	27.0505
7.29495	6.55842	26.5875
7.14765	6.63332	26.1264
7.04478	6.76849	25.6813
6.98952	6.95982	25.2652
6.98358	7.20292	24.8907
7.02745	7.49315	24.5692
7.12059	7.82548	24.312
7.26157	8.19418	24.1298
7.44809	8.59237	24.0329
7.67695	9.01146	24.0311
7.94385	9.44061	24.1331
8.2432	9.86617	24.3459
8.56779	10.2713	24.674
8.90849	10.6358	25.1181
9.25395	10.9365	25.6734
9.59047	11.1484	26.3283
9.90205	11.2461	27.0625
10.1709	11.2068	27.8464
10.3781	11.0139	28.6409
10.5052	10.6606	29.3994
10.5363	10.1534	30.0713
10.4597	9.51385	30.6071
10.2706	8.77819	30.965
9.97208	7.99359	31.1166
9.57638	7.21213	31.0513
9.10353	6.48348	30.7766
8.57952	5.84827	30.3156
8.03327	5.33397	29.7023
7.49341	4.95379	28.9752
6.98549	4.70857	28.1722
6.5301	4.59034	27.3275
6.14215	4.58636	26.4696
5.83099	4.68263	25.6213
5.60132	4.86638	24.8009
5.45433	5.12744	24.0233
5.38895	5.45869	23.3014
5.4029	5.85593	22.647
5.49351	6.31724	22.072
5.65825	6.84221	21.5889
5.89505	7.43088	21.2118
6.20221	8.08261	20.9566
6.57829	8.79465	20.8415
7.02156	9.56057	20.887
7.52937	10.3682	21.1156
8.09714	11.1976	21.5508
8.71723	12.018	22.2148
9.37739	12.7863	23.1253
10.0592	13.4448	24.29
10.7363	13.9223	25.6994
11.3735	14.1379	27.3182
11.9264	14.0102	29.0772
12.3431	13.473	30.8682
12.5691	12.4955	32.5479
12.5544	11.1023	33.9532
12.264	9.38553	34.93
11.6883	7.49803	35.3691
10.8502	5.62542	35.2356
9.80528	3.94275	34.5771
8.63277	2.5741	33.5062
7.42104	1.57194	32.1636
6.25122	0.922538	30.6815
5.18548	0.568831	29.1605
4.26215	0.437097	27.6643
3.49714	0.456973	26.2261
2.88911	0.571904	24.8594
2.42567	0.74194	23.5666
2.08892	0.942182	22.3457
1.85957	1.15957	21.1933
1.71957	1.38953	20.1061
1.65356	1.63322	19.0815
1.64949	1.8955	18.1179
1.6987	2.1836	17.2141
1.79568	2.50637	16.3702
1.93781	2.87391	15.5872
2.12503	3.2975	14.8672
2.35953	3.78971	14.2145
2.64556	4.36446	13.6352
2.98934	5.03723	13.1389
3.39892	5.82498	12.7393
3.88413	6.74588	12.4559
4.45648	7.81847	12.3156
5.12888	9.06005	12.3556
5.91511	10.4836	12.626
6.82881	12.0927	13.1929
7.88159	13.8732	14.1408
9.07991	15.7804	15.5735
10.42	17.7214	17.6086
11.8803	19.5325	20.3626
13.4107	20.9566	23.9176
14.9199	21.6324	28.2629
16.2624	21.1213	33.2106
17.2342	19.0041	38.309
17.5882	15.0707	42.8163
17.0847	9.55749	45.834
15.5792	3.27257	46.6553
13.1179	-2.60559	45.1867
9.9732	-7.06255	42.0931
6.56605	-9.73237	38.4394
3.30637	-10.9086	35.1113
0.463368	-11.1607	32.5173
-1.86145	-10.9794	30.6796
-3.68503	-10.66	29.4521
-5.08003	-10.3398	28.667
-6.13198	-10.0652	28.1886
-6.91863	-9.8408	27.9196
-7.50307	-9.6551	27.7923
-7.93347	-9.49317	27.7589
-8.24541	-9.34156	27.7847
-8.46464	-9.19024	27.8433
-8.60976	-9.03296	27.9142
-8.6944	-8.86707	27.9809
-8.72894	-8.69306	28.0304
-8.72176	-8.51388	28.0531
-8.68018	-8.33434	28.0421
-8.61101	-8.16035	27.9934
-8.52088	-7.99829	27.9058
-8.41636	-7.85438	27.7805
-8.30397	-7.73424	27.621
-8.19002	-7.64251	27.4324
-8.08052	-7.58264	27.2211
-7.98094	-7.55686	26.9948
-7.89613	-7.56617	26.7613
-7.83013	-7.61047	26.5289
-7.7862	-7.68864	26.3058
-7.76669	-7.79869	26.1002
-7.77309	-7.93783	25.9195
-7.80604	-8.1025	25.7712
-7.86533	-8.28842	25.6617
-7.94995	-8.49048	25.5969
-8.05805	-8.70276	25.5817
-8.18699	-8.91844	25.6199
-8.33328	-9.12979	25.7138
-8.49258	-9.32822	25.864
-8.65971	-9.50445	26.069
-8.82866	-9.6488	26.3248
-8.99269	-9.75162	26.6245
-9.14447	-9.80397	26.9584
-9.27637	-9.79839	27.3137
-9.38078	-9.72975	27.6748
-9.45057	-9.59617	28.0243
-9.47969	-9.39965	28.3434
-9.46368	-9.14655	28.6139
-9.40026	-8.84742	28.819
-9.28969	-8.51649	28.9454
-9.13505	-8.17052	28.9839
-8.94214	-7.82734	28.9309
-8.71918	-7.50431	28.7878
-8.47621	-7.21685	28.561
-8.22434	-6.97741	28.2612
-7.97495	-6.79489	27.9016
-7.73894	-6.67468	27.4973
-7.52609	-6.61899	27.0639
-7.34467	-6.62751	26.6168
-7.20124	-6.69814	26.1708
-7.10062	-6.82763	25.7397
-7.04602	-7.01207	25.3365
-7.03923	-7.24716	24.9734
-7.08082	-7.52832	24.6618
-7.17032	-7.8505	24.4126
-7.30635	-8.20795	24.2364
-7.48667	-8.59375	24.1432
-7.70809	-8.99937	24.1423
-7.96634	-9.41409	24.2421
-8.25589	-9.82454	24.4491
-8.56962	-10.2144	24.7674
-8.89857	-10.5641	25.1971
-9.23168	-10.8517	25.7334
-9.55568	-11.0531	26.3645
-9.85517	-11.1446	27.0708
-10.1131	-11.1049	27.8237
-10.3114	-10.9185	28.5858
-10.4328	-10.5793	29.313
-10.4621	-10.0937	29.957
-10.3884	-9.48236	30.4714
-10.2072	-8.77924	30.8164
-9.92163	-8.02871	30.9651
-9.54305	-7.27977	30.9068
-9.09039	-6.57939	30.6478
-8.58819	-5.96641	30.2095
-8.06383	-5.46758	29.6231
-7.54458	-5.09646	28.925
-7.05496	-4.85496	28.1513
-6.61496	-4.7365	27.335
-6.23927	-4.72976	26.5037
-5.93736	-4.82187	25.6804
-5.71427	-5.00088	24.8834
-5.57159	-5.25705	24.1278
-5.50868	-5.5834	23.4268
-5.52363	-5.97558	22.7925
-5.61402	-6.43136	22.237
-5.77748	-6.9498	21.7732
-6.01195	-7.53031	21.415
-6.31562	-8.17148	21.1783
-6.68679	-8.86972	21.0809
-7.12338	-9.61765	21.1428
-7.62223	-10.4022	21.3854
-8.17823	-11.2025	21.8306
-8.78309	-11.9876	22.4986
-9.42399	-12.7142	23.4045
-10.082	-13.3261	24.5526
-10.7308	-13.7547	25.9302
-11.3356	-13.9238	27.4993
-11.8533	-13.7589	29.1893
-12.2344	-13.2017	30.8943
-12.4278	-12.2295	32.4769
-12.3882	-10.8721	33.7846
-12.085	-9.22149	34.6764
-11.5123	-7.42337	35.0558
-10.6945	-5.65033	34.8954
-9.68566	-4.06246	34.2429
-8.56102	-2.77189	33.2035
-7.40319	-1.82551	31.9073
-6.28766	-1.21047	30.4758
-5.27222	-0.874916	29.0027
-4.39276	-0.75169	27.5481
-3.66454	-0.776356	26.1449
-3.08691	-0.896788	24.8074
-2.64888	-1.07595	23.5397
-2.3343	-1.29073	22.3413
-2.12558	-1.5291	21.21
-2.00629	-1.78717	20.1438
-1.96246	-2.06666	19.1412
-1.9833	-2.37303	18.2014
-2.06125	-2.71424	17.3248
-2.19185	-3.10004	16.5127
-2.37348	-3.5416	15.7679
-2.60711	-4.05142	15.0951
-2.89597	-4.64328	14.5013
-3.24543	-5.33226	13.9968
-3.6628	-6.13454	13.5964
-4.15715	-7.06699	13.3207
-4.73912	-8.14614	13.1978
-5.42052	-9.3862	13.266
-6.21366	-10.7958	13.5761
-7.13008	-12.3724	14.1937
-8.17854	-14.0937	15.201
-9.36158	-15.9054	16.6956
-10.6703	-17.7038	18.7831
-12.077	-19.3167	21.5595
-13.525	-20.486	25.0754
-14.9172	-20.8674	29.2795
-16.1072	-20.0683	33.9436
-16.8994	-17.7522	38.5982
-17.07	-13.8151	42.5397
-16.419	-8.57497	44.9874
-14.8502	-2.82515	45.4039
-12.4452	2.40039	43.8214
-9.47608	6.2904	40.8868
-6.32279	8.60692	37.514
-3.33684	9.63789	34.4249
-0.741898	9.87391	31.9457
1.38126	9.73497	30.0954
3.05201	9.48239	28.7593
4.33808	9.2464	27.8042
5.31974	9.07845	27.1236
6.07149	8.99013	26.6429
6.65521	8.97512	26.3136
7.1192	9.02009	26.1048
7.49937	9.10953	25.9969
7.8214	9.22778	25.9767
8.10268	9.35972	26.0348
8.35409	9.491	26.163
8.58147	9.60811	26.3534
8.7868	9.69854	26.5969
8.96915	9.75114	26.8828
9.12555	9.75652	27.1983
9.25174	9.70771	27.5284
9.34293	9.60083	27.8564
9.39451	9.43564	28.1648
9.40274	9.21596	28.4355
9.36538	8.94974	28.6521
9.28226	8.64861	28.8003
9.15553	8.32707	28.8699
8.98984	8.00125	28.8549
8.79212	7.68751	28.7546
8.5712	7.40108	28.5728
8.33717	7.15486	28.3176
8.10071	6.9588	28.0004
7.87233	6.81957	27.6345
7.66178	6.74073	27.2343
7.47757	6.72324	26.8148
7.3267	6.76603	26.3901
7.21457	6.86662	25.9741
7.14498	7.0216	25.5796
7.1203	7.22705	25.2187
7.14165	7.47857	24.9029
7.20904	7.77137	24.6429
7.3215	8.09997	24.4491
7.4772	8.45792	24.3313
7.67334	8.8374	24.2984
7.90615	9.22872	24.3588
8.17067	9.61991	24.5189
8.46051	9.99637	24.7832
8.76769	10.3408	25.153
9.0823	10.6332	25.6248
9.39247	10.852	26.1896
9.68437	10.975	26.8313
9.9425	10.9819	27.5261
10.1504	10.8565	28.2417
10.2916	10.5903	28.9395
10.3513	10.1851	29.5758
10.3181	9.65515	30.107
10.1855	9.02724	30.4938
9.95385	8.33868	30.7064
9.63081	7.63313	30.7288
9.23128	6.95486	30.5602
8.77599	6.34309	30.2143
8.28941	5.82757	29.7162
7.79704	5.42649	29.0975
7.32293	5.14681	28.3919
6.88771	4.98649	27.6314
6.50747	4.93753	26.8447
6.19348	4.98915	26.0556
5.95261	5.13022	25.2839
5.78813	5.35097	24.5462
5.7007	5.64377	23.8565
5.68932	6.00331	23.2276
5.75211	6.42627	22.6719
5.88695	6.9107	22.2021
6.0917	7.45513	21.8316
6.36438	8.05755	21.5755
6.70302	8.71415	21.4505
7.10524	9.4179	21.4747
7.56777	10.1568	21.6677
8.08558	10.9121	22.0494
8.65089	11.6562	22.638
9.25194	12.3508	23.4474
9.87171	12.9462	24.4822
10.4866	13.3818	25.7325
11.0656	13.5897	27.1667
11.5704	13.5023	28.7254
11.9568	13.0644	30.3179
12.1783	12.2488	31.8251
12.1924	11.0722	33.1112
11.9684	9.60437	34.0452
11.4956	7.96526	34.5284
10.7895	6.30499	34.5182
9.89261	4.77232	34.0378
8.86855	3.48228	33.1667
7.7913	2.49622	32.0154
6.73228	1.82059	30.6969
5.74994	1.42104	29.3049
4.88416	1.24256	27.9054
4.15584	1.22695	26.5385
3.57007	1.32389	25.2251
3.12083	1.49555	23.9743
2.79577	1.71691	22.789
2.58	1.97395	21.6696
2.45879	2.26112	20.6157
2.41926	2.57903	19.6274
2.45121	2.93256	18.7054
2.54748	3.32957	17.8515
2.7039	3.78003	17.0691
2.91912	4.29555	16.3632
3.19441	4.88903	15.7412
3.53333	5.57444	15.2141
3.94156	6.36649	14.7966
4.42654	7.28	14.5093
4.99723	8.32875	14.38
5.66354	9.52342	14.4455
6.43551	10.8683	14.7538
7.32207	12.3558	15.3658
8.32882	13.9589	16.3557
9.45484	15.6194	17.8086
10.6878	17.2342	19.8124
11.997	18.6396	22.4396
13.3256	19.601	25.7152
14.5807	19.8179	29.5676
15.6281	18.9644	33.7699
16.2954	16.7817	37.8964
16.3926	13.2208	41.3445
15.7583	8.58131	43.4739
14.3229	3.53285	43.8598
12.1649	-1.08098	42.5327
9.51569	-4.59511	40.0012
6.69353	-6.78721	36.9933
3.99738	-7.85541	34.1117
1.62683	-8.18692	31.6644
-0.335925	-8.14241	29.7093
-1.89722	-7.96808	28.1795
-3.11139	-7.80191	26.9789
-4.0495	-7.70941	26.0256
-4.78148	-7.71513	25.2619
-5.36821	-7.82267	24.6524
-5.8591	-8.02563	24.1775
-6.29241	-8.31305	23.8285
-6.69654	-8.67176	23.6038
-7.09158	-9.08711	23.5064
-7.49069	-9.54271	23.5415
-7.90109	-10.0198	23.7156
-8.32483	-10.4964	24.0341
-8.75915	-10.9468	24.4999
-9.19669	-11.341	25.111
-9.62555	-11.6456	25.8577
-10.0296	-11.8251	26.7205
-10.3887	-11.8453	27.6674
-10.68	-11.6774	28.653
-10.8795	-11.3044	29.6191
-10.9645	-10.726	30.4992
-10.9168	-9.96347	31.2246
-10.7261	-9.06014	31.7347
-10.3929	-8.07776	31.9858
-9.92989	-7.08773	31.9589
-9.36146	-6.15974	31.662
-8.72111	-5.3509	31.1267
-8.04707	-4.69852	30.3999
-7.37736	-4.21831	29.5348
-6.74555	-3.90749	28.582
-6.17794	-3.75082	27.5848
-5.69252	-3.72711	26.577
-5.29943	-3.81457	25.5839
-5.00246	-3.99436	24.6238
-4.80084	-4.25226	23.7101
-4.69113	-4.57912	22.8539
-4.66872	-4.97036	22.0646
-4.72905	-5.42517	21.3519
-4.86827	-5.94544	20.7263
-5.08371	-6.53474	20.1998
-5.37392	-7.19713	19.7869
-5.73856	-7.93592	19.5051
-6.17803	-8.75217	19.3756
-6.69286	-9.64276	19.4237
-7.28284	-10.5979	19.6785
-7.94585	-11.598	20.1727
-8.67629	-12.61	20.9399
-9.46302	-13.5829	22.0113
-10.287	-14.4446	23.408
-11.1185	-15.1005	25.1314
-11.9149	-15.4364	27.149
-12.6192	-15.3304	29.3795
-13.1615	-14.6757	31.6818
-13.4643	-13.413	33.8551
-13.454	-11.568	35.6615
-13.0768	-9.27512	36.8723
-12.3165	-6.76919	37.3315
-11.207	-4.33518	37.008
-9.83266	-2.22942	36.0059
-8.31202	-0.610451	34.524
-6.7717	0.48631	32.7842
-5.3201	1.12453	30.9698
-4.03117	1.41804	29.1985
-2.94133	1.4863	27.5269
-2.05581	1.42874	25.9714
-1.3589	1.31676	24.5275
-0.823765	1.19605	23.1836
-0.419803	1.09277	21.9274
-0.117288	1.01993	20.7488
0.110156	0.982524	19.6398
0.28463	0.981292	18.5945
0.423962	1.01521	17.6084
0.542211	1.08302	16.6779
0.650372	1.18414	15.8001
0.757125	1.31914	14.9728
0.869529	1.49002	14.1943
0.993628	1.70031	13.4632
1.13496	1.95519	12.7789
1.29901	2.2616	12.1417
1.49153	2.62836	11.5529
1.71889	3.06642	11.0152
1.9884	3.589	10.5331
2.30852	4.21184	10.1141
2.68918	4.9534	9.76914
3.14203	5.83486	9.51453
3.68059	6.8798	9.37375
4.32043	8.11331	9.38025
5.07901	9.55995	9.58103
5.9752	11.2398	10.0411
7.02811	13.1611	10.8488
8.25471	15.3087	12.1202
9.66551	17.6242	14.0011
11.2572	19.9778	16.6613
13.0014	22.1311	20.2706
14.8273	23.6983	24.9442
16.6015	24.1305	30.6415
18.1073	22.7709	37.0194
19.04	19.0491	43.2914
19.0418	12.8451	48.2365
17.8025	4.88145	50.5557
15.2183	-3.24716	49.5975
11.5252	-9.75575	45.964
7.26901	-13.7014	41.2638
3.07493	-15.3557	37.0712
-0.61119	-15.6064	34.1497
-3.61024	-15.2191	32.5191
-5.93201	-14.5884	31.8837
-7.6633	-13.8359	31.914
-8.89782	-12.9593	32.3325
-9.71012	-11.9291	32.9143
-10.1539	-10.7362	33.4755
-10.2704	-9.4095	33.8704
-10.0982	-8.01548	33.9968
-9.68166	-6.64404	33.8025
-9.07413	-5.38761	33.2862
-8.33683	-4.3205	32.4887
-7.53356	-3.48567	31.4763
-6.72398	-2.89217	30.3228
-5.95762	-2.52196	29.0945
-5.27049	-2.34111	27.8433
-4.68461	-2.31081	26.6051
-4.20985	-2.39528	25.4027
-3.84694	-2.56606	24.2495
-3.59076	-2.8033	23.1537
-3.43327	-3.09528	22.1201
-3.36567	-3.43712	21.1529
-3.37996	-3.82927	20.2561
-3.46982	-4.27617	19.4346
-3.63109	-4.78505	18.6949
-3.86188	-5.3651	18.0453
-4.16253	-6.02668	17.4973
-4.53536	-6.7805	17.0658
-4.98439	-7.6367	16.7707
-5.51485	-8.60339	16.6375
-6.13256	-9.68457	16.6991
-6.84296	-10.8769	16.9963
-7.64976	-12.1654	17.5785
-8.55288	-13.5165	18.5022
-9.5456	-14.8708	19.8275
-10.6106	-16.1336	21.6091
-11.7152	-17.1672	23.8803
-12.8056	-17.7891	26.6291
-13.8023	-17.7844	29.7649
-14.5988	-16.9416	33.0868
-15.0673	-15.1175	36.2687
-15.0774	-12.3234	38.8899
-14.5266	-8.79315	40.5319
-13.3799	-4.97637	40.9249
-11.6992	-1.41817	40.0739
-9.64298	1.43529	38.2685
-7.42733	3.38695	35.9507
-5.26447	4.50026	33.5302
-3.31153	4.99252	31.2681
-1.65072	5.10912	29.2698
-0.298751	5.04885	27.54
0.77077	4.94513	26.0411
1.60564	4.87642	24.7285
2.2598	4.88395	23.5662
2.78463	4.98666	22.5301
3.22504	5.19157	21.6062
3.61834	5.50014	20.7887
3.9947	5.912	20.078
4.37816	6.42667	19.4795
4.78786	7.04422	19.0033
5.23914	7.76483	18.6644
5.74427	8.58775	18.4826
6.31297	9.50941	18.4834
6.95226	10.5208	18.6983
7.66596	11.6037	19.1639
8.45351	12.7264	19.9209
9.30809	13.8378	21.0101
10.214	14.8623	22.4656
11.1437	15.6956	24.3036
12.0541	16.2055	26.5055
12.8844	16.2417	28.9987
13.5558	15.6595	31.6374
13.9766	14.3602	34.1956
14.0533	12.3411	36.386
13.7108	9.73726	37.914
12.9161	6.82392	38.5621
11.6977	3.95901	38.2682
10.15	1.47755	37.1535
8.41547	-0.410151	35.4719
6.65035	-1.65954	33.511
4.98837	-2.35935	31.503
3.51883	-2.66165	29.5875
2.28273	-2.72014	27.8222
1.28216	-2.65762	26.2141
0.4942	-2.55867	24.7479
-0.116375	-2.47536	23.4027
-0.588171	-2.43655	22.1603
-0.957847	-2.45651	21.0071
-1.25758	-2.54134	19.9338
-1.51433	-2.6934	18.9346
-1.75015	-2.91409	18.0063
-1.98293	-3.20562	17.148
-2.22747	-3.57188	16.3605
-2.49635	-4.01897	15.6471
-2.80088	-4.55534	15.0133
-3.15177	-5.19172	14.4677
-3.55976	-5.94089	14.0234
-4.03599	-6.81714	13.6984
-4.59222	-7.83522	13.5181
-5.24082	-9.0086	13.5168
-5.99437	-10.3465	13.7401
-6.8648	-11.8492	14.2477
-7.86167	-13.5003	15.1147
-8.9894	-15.2563	16.4313
-10.2428	-17.0311	18.2978
-11.6004	-18.678	20.8109
-13.016	-19.9724	24.0344
-14.4072	-20.6053	27.9518
-15.6468	-20.207	32.3983
-16.5589	-18.4265	36.9939
-16.9324	-15.0794	41.1234
-16.5618	-10.3336	44.0367
-15.3162	-4.81499	45.111
-13.2159	0.5228	44.18
-10.4682	4.78902	41.6855
-7.41674	7.55849	38.4597
-4.4217	8.95885	35.2873
-1.74559	9.42412	32.613
0.488355	9.39669	30.5447
2.27002	9.1839	29.0074
3.6528	8.95449	27.8773
4.71313	8.78436	27.0447
5.52738	8.69873	26.4303
6.16165	8.69827	25.9823
6.66897	8.77295	25.6685
7.08977	8.90846	25.4697
7.45351	9.08908	25.3745
7.78062	9.29869	25.3761
8.08424	9.52103	25.4697
8.3716	9.73973	25.6507
8.64522	9.93828	25.9134
8.90383	10.1003	26.2497
9.14313	10.21	26.6484
9.3565	10.2529	27.0941
9.53578	10.2174	27.5678
9.67211	10.0955	28.0461
9.75678	9.88465	28.5032
9.78236	9.58877	28.9119
9.74364	9.21859	29.2459
9.63863	8.79142	29.4826
9.46919	8.32979	29.6049
9.24131	7.85925	29.6035
8.9649	7.40569	29.4773
8.65306	6.99271	29.233
8.32099	6.63947	28.884
7.98468	6.35956	28.4485
7.65966	6.16075	27.9468
7.35988	6.04568	27.4001
7.09704	6.01306	26.8287
6.88024	6.05906	26.2513
6.71601	6.17851	25.685
6.60851	6.36589	25.145
6.55998	6.61591	24.6454
6.57117	6.92372	24.1989
6.64168	7.28479	23.8183
6.7703	7.69457	23.5156
6.95516	8.14789	23.3033
7.1937	8.63825	23.1939
7.48261	9.15696	23.1997
7.81748	9.6922	23.3328
8.19243	10.2281	23.6037
8.59956	10.7438	24.0207
9.02841	11.2134	24.5874
9.4654	11.6053	25.3009
9.89338	11.8842	26.1485
10.2915	12.0128	27.1054
10.6358	11.9567	28.1324
10.9	11.6894	29.1754
11.0579	11.1994	30.1676
11.0862	10.496	31.0355
10.9681	9.61305	31.7075
10.6971	8.6075	32.1252
10.2792	7.5528	32.2534
9.73392	6.52732	32.0859
9.0926	5.60134	31.6454
8.39435	4.82639	30.9763
7.68076	4.23019	30.1345
6.99064	3.8177	29.1771
6.35605	3.57677	28.1548
5.8002	3.48556	27.1079
5.33727	3.51934	26.0665
4.97368	3.65535	25.0519
4.71001	3.8755	24.0794
4.54311	4.16731	23.1603
4.46795	4.52371	22.3037
4.4791	4.94225	21.5184
4.57173	5.42404	20.8135
4.74219	5.97266	20.1994
4.98829	6.59304	19.6886
5.30924	7.29038	19.2963
5.70547	8.06878	19.0412
6.17813	8.92968	18.9464
6.72844	9.86977	19.0393
7.3567	10.8782	19.3521
8.061	11.933	19.9205
8.83541	12.997	20.7819
9.66772	14.0125	21.9702
10.5367	14.8981	23.5079
11.409	15.5468	25.3936
12.2365	15.8306	27.5868
12.9554	15.6151	29.9897
13.4873	14.7873	32.4363
13.7473	13.2949	34.6951
13.6568	11.1882	36.5001
13.1631	8.64271	37.6093
12.259	5.9401	37.8788
10.9952	3.39921	37.315
9.47602	1.28283	36.0723
7.83738	-0.272702	34.3916
6.21537	-1.26912	32.5146
4.71847	-1.80494	30.6228
3.41379	-2.01635	28.8192
2.32776	-2.03195	27.1445
1.45582	-1.95149	25.6022
0.774358	-1.84264	24.1799
0.250958	-1.74663	22.8618
-0.148559	-1.68591	21.6338
-0.456029	-1.6711	20.485
-0.699044	-1.70622	19.4077
-0.900479	-1.79223	18.3964
-1.07883	-1.92934	17.4476
-1.24893	-2.11844	16.5587
-1.42283	-2.36186	15.7285
-1.61064	-2.66383	14.9568
-1.82127	-3.03071	14.2449
-2.06316	-3.47113	13.5956
-2.34475	-3.99608	13.0137
-2.67502	-4.61894	12.5071
-3.0638	-5.35544	12.0871
-3.52213	-6.2234	11.7706
-4.06238	-7.24217	11.5813
-4.69834	-8.43131	11.552
-5.44494	-9.80825	11.7282
-6.3176	-11.3841	12.1708
-7.33089	-13.1564	12.9601
-8.496	-15.0984	14.1978
-9.81649	-17.1417	16.0061
-11.2815	-19.1537	18.5179
-12.856	-20.91	21.8519
-14.4668	-22.0726	26.0629
-15.9879	-22.1916	31.0593
-17.2287	-20.7696	36.4987
-17.9369	-17.4258	41.7088
-17.8346	-12.1594	45.7356
-16.6996	-5.59004	47.6335
-14.4777	1.07919	46.9601
-11.3663	6.54757	44.1431
-7.78353	10.0864	40.3003
-4.20955	11.7994	36.5808
-1.00775	12.2859	33.6365
1.65097	12.1538	31.5949
3.75153	11.792	30.3111
5.35962	11.3827	29.5793
6.56424	10.9858	29.2219
7.44855	10.6057	29.1057
8.07998	10.2288	29.1333
8.50975	9.84113	29.2325
8.77603	9.43454	29.3483
8.90773	9.00919	29.439
8.92802	8.57263	29.474
8.85694	8.13799	29.4328
8.71315	7.72143	29.3046
8.51481	7.33966	29.0872
8.27978	7.00771	28.7858
8.02536	6.73743	28.411
7.76778	6.53671	27.9772
7.52156	6.40952	27.5006
7.29915	6.35646	26.9981
7.11061	6.37559	26.4861
6.96361	6.46337	25.9802
6.86356	6.61541	25.4948
6.81393	6.827	25.0431
6.81654	7.09341	24.6379
6.87192	7.4099	24.2909
6.97952	7.77148	24.0138
7.13791	8.17248	23.8179
7.34482	8.60606	23.7143
7.59707	9.0635	23.7137
7.89036	9.53349	23.8261
8.21898	10.0015	24.0598
8.57548	10.4491	24.4207
8.95021	10.854	24.9104
9.33098	11.19	25.5248
9.70279	11.4281	26.2517
10.0479	11.5388	27.0693
10.3461	11.4951	27.9444
10.5759	11.2767	28.8326
10.716	10.875	29.6801
10.7478	10.2975	30.4279
10.6578	9.56961	31.0186
10.4401	8.73479	31.4041
10.0991	7.84931	31.5531
9.64911	6.97468	31.4556
9.11422	6.16831	31.124
8.52504	5.47548	30.5884
7.91513	4.92464	29.8906
7.31703	4.52686	29.076
6.759	4.27886	28.1878
6.26297	4.16789	27.2628
5.84395	4.17687	26.3309
5.51054	4.28842	25.4148
5.26611	4.48757	24.5319
5.1104	4.76308	23.6962
5.04094	5.1077	22.9192
5.05429	5.51778	22.2118
5.14699	5.99253	21.585
5.3161	6.53304	21.0506
5.55948	7.14125	20.6226
5.87584	7.81872	20.3167
6.26441	8.56526	20.152
6.72458	9.37722	20.1503
7.25511	10.2454	20.3368
7.85316	11.1524	20.7388
8.51302	12.0698	21.3844
9.22438	12.9548	22.2989
9.97047	13.7475	23.4996
10.7259	14.37	24.9877
11.4547	14.7288	26.7376
12.1095	14.7234	28.6859
12.6323	14.2628	30.7218
12.9584	13.2899	32.6868
13.0247	11.8094	34.3878
12.7816	9.90926	35.6301
12.2072	7.76058	36.2629
11.3178	5.58803	36.2236
10.1719	3.6148	35.5566
8.86047	2.00521	34.3956
7.48942	0.831746	32.9165
6.15788	0.0786741	31.2856
4.94204	-0.32754	29.6267
3.88812	-0.481772	28.0142
3.01415	-0.473242	26.4827
2.31667	-0.372307	25.0417
1.77887	-0.227794	23.6889
1.37754	-0.0698609	22.4174
1.08806	0.0853413	21.2199
0.887516	0.231178	20.09
0.756248	0.366959	19.0226
0.67839	0.495402	18.0137
0.641793	0.620987	17.0597
0.637631	0.748996	16.1578
0.659904	0.885035	15.3056
0.704931	1.03488	14.501
0.77092	1.2045	13.7422
0.857635	1.40024	13.0278
0.966156	1.62905	12.357
1.09873	1.89874	11.7295
1.25874	2.2183	11.1456
1.45065	2.59824	10.607
1.68017	3.0509	10.1167
1.95431	3.59082	9.67966
2.28162	4.23508	9.30377
2.67231	5.00353	9.00082
3.13855	5.91889	8.7882
3.69462	7.00646	8.69103
4.35699	8.29312	8.74523
5.14421	9.80511	9.00148
6.07639	11.5637	9.53019
7.17384	13.577	10.4272
8.45447	15.8267	11.8191
9.92892	18.2462	13.8649
11.5924	20.6882	16.7487
13.4115	22.883	20.652
15.3058	24.3964	25.6885
17.1239	24.616	31.7866
18.6224	22.8269	38.5217
19.4633	18.4516	44.9691
19.2609	11.4771	49.7533
17.7042	2.86776	51.5209
14.7369	-5.51796	49.7886
10.6859	-11.8295	45.5068
6.18282	-15.3345	40.5516
1.87937	-16.5799	36.4927
-1.81248	-16.5675	33.9232
-4.76347	-16.0214	32.7145
-7.01506	-15.2518	32.4961
-8.66242	-14.316	32.9028
-9.79313	-13.1803	33.6282
-10.4706	-11.8143	34.4162
-10.7393	-10.2344	35.0548
-10.6383	-8.51443	35.3834
-10.2135	-6.77321	35.3078
-9.52547	-5.14496	34.8083
-8.64937	-3.74501	33.932
-7.6685	-2.64394	32.7702
-6.66359	-1.85946	31.4279
-5.70276	-1.36543	29.9996
-4.8353	-1.11006	28.5553
-4.09025	-1.03415	27.1397
-3.47903	-1.08384	25.7769
-2.99999	-1.21685	24.4775
-2.64336	-1.40386	23.2451
-2.39546	-1.62716	22.0796
-2.2418	-1.87826	20.9799
-2.16909	-2.15545	19.9452
-2.16636	-2.46177	18.975
-2.22544	-2.80356	18.0696
-2.34107	-3.18948	17.2307
-2.51075	-3.62992	16.4611
-2.73458	-4.13675	15.7654
-3.01502	-4.72315	15.1509
-3.35664	-5.40349	14.6276
-3.76601	-6.19315	14.2102
-4.25144	-7.10793	13.9188
-4.82274	-8.16308	13.7809
-5.49081	-9.37132	13.8333
-6.26691	-10.7396	14.1246
-7.16146	-12.264	14.7174
-8.18196	-13.9211	15.689
-9.32979	-15.6573	17.1303
-10.5953	-17.3724	19.1383
-11.9507	-18.9028	21.7989
-13.3411	-20.0069	25.1543
-14.6743	-20.366	29.151
-15.8126	-19.6209	33.5734
-16.5743	-17.4659	37.988
-16.7526	-13.8057	41.7517
-16.1632	-8.92205	44.1505
-14.715	-3.52271	44.68
-12.4765	1.45667	43.3338
-9.68989	5.2538	40.6592
-6.70115	7.60205	37.4725
-3.84051	8.71954	34.4552
-1.3285	9.04097	31.9478
0.745394	8.96505	30.0037
2.38932	8.75588	28.5371
3.66264	8.55509	27.4336
4.64113	8.42548	26.5971
5.398	8.38719	25.9607
5.99584	8.43961	25.4816
6.48459	8.57281	25.1346
6.90223	8.77297	24.9059
7.27638	9.02463	24.7887
7.62603	9.31147	24.78
7.96312	9.61636	24.8786
8.29377	9.92116	25.0832
8.61925	10.2066	25.3911
8.93671	10.4522	25.7964
9.2398	10.637	26.2887
9.51924	10.7405	26.8523
9.76348	10.7442	27.465
9.95962	10.6337	28.0983
10.0944	10.4015	28.7178
10.1559	10.0485	29.2862
10.1344	9.58632	29.7653
10.0248	9.0368	30.1208
9.82718	8.43085	30.3262
9.54791	7.80503	30.3658
9.19934	7.19715	30.2368
8.7989	6.64168	29.9483
8.36746	6.16598	29.5199
7.92716	5.78831	28.9773
7.49939	5.5176	28.3496
7.10303	5.35481	27.6652
6.75339	5.29528	26.9504
6.46177	5.33114	26.2283
6.23564	5.45349	25.5184
6.07921	5.6539	24.8375
5.99415	5.92533	24.2003
5.98039	6.26234	23.62
6.03678	6.66098	23.1093
6.16162	7.11825	22.681
6.35295	7.63136	22.3485
6.60863	8.1968	22.1262
6.92626	8.80922	22.0296
7.30285	9.46009	22.075
7.7343	10.1363	22.2793
8.2147	10.8185	22.659
8.73545	11.4796	23.228
9.28428	12.0837	23.9947
9.84416	12.5858	24.9588
10.3925	12.9328	26.1056
10.9005	13.0679	27.4014
11.334	12.9371	28.7889
11.6546	12.4995	30.1861
11.8236	11.7399	31.4897
11.8069	10.6799	32.5864
11.5815	9.38332	33.3704
11.1418	7.95172	33.7641
10.5038	6.50823	33.7353
9.7047	5.17322	33.3033
8.79841	4.04042	32.5312
7.84681	3.16227	31.5072
6.9099	2.54862	30.3231
6.03765	2.1766	29.0581
5.26544	2.00531	27.7711
4.61341	1.9893	26.5012
4.08859	2.08781	25.2713
3.68843	2.26918	24.0942
3.40458	2.51192	22.9766
3.22605	2.80373	21.9222
3.14159	3.1398	20.934
3.14123	3.52098	20.0148
3.21718	3.95223	19.1685
3.36419	4.44143	18.4005
3.57964	4.9985	17.718
3.86341	5.63465	17.1309
4.21766	6.36179	16.6526
4.64648	7.19175	16.3011
5.15554	8.13509	16.1
5.75145	9.1994	16.0802
6.44104	10.3865	16.2808
7.23014	11.6885	16.7505
8.12181	13.0814	17.5473
9.11373	14.5177	18.7363
10.1945	15.9159	20.3833
11.3388	17.1505	22.5413
12.5011	18.0454	25.2284
13.61	18.3775	28.3947
14.5635	17.9025	31.8826
15.2313	16.4136	35.3967
15.4678	13.8321	38.5089
15.1406	10.3045	40.7341
14.1734	6.24233	41.6819
12.5872	2.2391	41.2284
10.5176	-1.13585	39.5932
8.18688	-3.55179	37.2427
5.83915	-4.99412	34.6748
3.67249	-5.67375	32.2423
1.80325	-5.87187	30.106
0.268224	-5.83038	28.2885
-0.951497	-5.71532	26.7485
-1.90426	-5.62483	25.4307
-2.64837	-5.61018	24.2886
-3.24074	-5.69456	23.2904
-3.7315	-5.88592	22.4173
-4.16239	-6.18484	21.661
-4.56688	-6.58885	21.0206
-4.97127	-7.09455	20.5013
-5.39593	-7.69822	20.1133
-5.85639	-8.39538	19.8714
-6.36418	-9.17956	19.7949
-6.92726	-10.0403	19.9076
-7.54987	-10.9607	20.2369
-8.23204	-11.9137	20.8126
-8.96837	-12.8588	21.6641
-9.74645	-13.738	22.8151
-10.5448	-14.474	24.2763
-11.3306	-14.9698	26.034
-12.0584	-15.1159	28.0379
-12.6699	-14.8045	30.188
-13.0968	-13.9539	32.3294
-13.2683	-12.5408	34.2602
-13.1228	-10.6288	35.7609
-12.624	-8.3793	36.6432
-11.775	-6.02947	36.8045
-10.6259	-3.8354	36.2616
-9.26782	-2.00295	35.1427
-7.81485	-0.638946	33.6397
-6.37967	0.255301	31.9454
-5.05267	0.753608	30.2091
-3.89142	0.961775	28.5218
-2.92078	0.983151	26.9258
-2.13999	0.900738	25.4323
-1.53185	0.772827	24.0374
-1.07091	0.635968	22.7317
-0.729536	0.510411	21.5057
-0.481547	0.405446	20.3513
-0.304148	0.323673	19.262
-0.178584	0.264047	18.2327
-0.0900576	0.223881	17.2594
-0.02727	0.200057	16.3385
0.0181955	0.189696	15.467
0.0524956	0.190463	14.6421
0.0800891	0.200678	13.8614
0.104207	0.219312	13.1225
0.127228	0.245932	12.4231
0.150969	0.28065	11.7611
0.176905	0.324068	11.1347
0.206338	0.377258	10.542
0.240522	0.441758	9.98132
0.280769	0.5196	9.45111
0.328535	0.613367	8.94997
0.385502	0.726272	8.47667
0.453656	0.862272	8.03018
0.535379	1.02622	7.60973
0.633546	1.22402	7.21486
0.751641	1.46291	6.84558
0.893895	1.75166	6.50247
1.06545	2.10096	6.18699
1.27255	2.52375	5.90179
1.52279	3.0357	5.65126
1.82537	3.65563	5.44231
2.19142	4.40604	5.28551
2.63435	5.31346	5.19673
3.17017	6.40863	5.19952
3.81786	7.72609	5.32854
4.59951	9.3027	5.6343
5.54015	11.1741	6.18956
6.66693	13.3672	7.09757
8.00699	15.887	8.5014
9.58299	18.6918	10.5921
11.4047	21.6543	13.6097
13.4547	24.5036	17.8231
15.6644	26.7521	23.4663
17.882	27.6374	30.5959
19.8331	26.1563	38.8483
21.0977	21.33	47.1516
21.1442	12.8224	53.6371
19.4798	1.72441	56.1988
15.9287	-9.29623	53.8734
10.8837	-17.3529	48.0386
5.23641	-21.3677	41.6992
-0.0844211	-22.3751	37.2375
-4.54255	-21.912	35.2893
-8.01644	-20.8115	35.3979
-10.5755	-19.2092	36.8467
-12.3022	-16.9538	38.9444
-13.2325	-13.922	41.0388
-13.3704	-10.1928	42.5345
-12.7349	-6.10228	42.9916
-11.4084	-2.16189	42.253
-9.55907	1.13341	40.4928
-7.42058	3.49913	38.1165
-5.23663	4.93055	35.5643
-3.2032	5.62417	33.1511
-1.43772	5.84168	31.0228
0.0181568	5.81177	29.2002
1.17688	5.6951	27.645
2.08052	5.58955	26.3047
2.78233	5.5483	25.1343
3.33552	5.5968	24.1026
3.78778	5.74487	23.1905
4.1792	5.99432	22.3888
4.54222	6.34343	21.6958
4.90246	6.78927	21.115
5.27982	7.32855	20.6545
5.68957	7.95764	20.3268
6.14318	8.67163	20.1482
6.64887	9.4629	20.1391
7.21168	10.319	20.3233
7.83313	11.2198	20.7278
8.51047	12.1347	21.38
9.23532	13.0188	22.3052
9.99201	13.8103	23.5202
10.7557	14.4293	25.0257
11.4904	14.7805	26.7949
12.1484	14.7619	28.7625
12.6711	14.2814	30.8152
12.9932	13.2823	32.7909
13.051	11.7717	34.4937
12.7951	9.84125	35.7267
12.2044	7.66716	36.3396
11.2969	5.47822	36.273
10.1332	3.49947	35.5762
8.80643	1.89407	34.388
7.42396	0.731086	32.8875
6.08539	-0.00923564	31.2421
4.86646	-0.403639	29.5747
3.81244	-0.548833	27.9581
2.94019	-0.534664	26.4252
2.24522	-0.431365	24.9844
1.7099	-0.287324	23.6325
1.31046	-0.132218	22.3623
1.02192	0.0181853	21.1662
0.821174	0.157494	20.0377
0.688438	0.285113	18.9716
0.607773	0.403721	17.9637
0.566962	0.517642	17.0105
0.557098	0.631902	16.1092
0.572059	0.751751	15.2571
0.607997	0.88251	14.452
0.6629	1.0296	13.6919
0.73624	1.19871	12.9753
0.828734	1.39597	12.301
0.942181	1.62826	11.6681
1.0794	1.90344	11.0764
1.24421	2.23072	10.5268
1.44151	2.62091	10.0209
1.67739	3.08683	9.56198
1.95928	3.64365	9.15557
2.29615	4.30921	8.81005
2.69876	5.10428	8.53807
3.17987	6.05266	8.35821
3.75443	7.18077	8.29737
4.4397	8.5166	8.39404
5.25508	10.0872	8.70258
6.22149	11.9136	9.29862
7.35991	14.0023	10.2851
8.6884	16.3299	11.7977
10.2167	18.8187	14.0061
11.9371	21.3018	17.1044
13.81	23.477	21.2778
15.7434	24.8641	26.6274
17.5676	24.7991	33.0362
19.0139	22.5336	39.9874
19.7178	17.5244	46.4238
19.2791	9.90836	50.8587
17.405	0.896272	51.9667
14.1032	-7.46447	49.5072
9.7897	-13.3816	44.7613
5.15544	-16.3957	39.754
0.845207	-17.2798	35.9433
-2.77979	-17.0684	33.7342
-5.63751	-16.4083	32.884
-7.79167	-15.5294	32.9802
-9.33922	-14.4428	33.6412
-10.3599	-13.1002	34.5447
-10.908	-11.4821	35.4167
-11.0228	-9.63448	36.0327
-10.7452	-7.67092	36.235
-10.1303	-5.74778	35.951
-9.2538	-4.02192	35.1981
-8.20742	-2.60928	34.0652
-7.0878	-1.5615	32.6767
-5.98254	-0.867313	31.1553
-4.95949	-0.47243	29.5975
-4.06208	-0.304527	28.0658
-3.31057	-0.29309	26.5937
-2.70707	-0.380341	25.1948
-2.24173	-0.524613	23.8717
-1.8983	-0.699214	22.622
-1.65849	-0.88941	21.4421
-1.50467	-1.08915	20.328
-1.42157	-1.29824	19.2766
-1.3969	-1.52029	18.2854
-1.42158	-1.76129	17.3527
-1.48952	-2.02879	16.4773
-1.59738	-2.33148	15.6589
-1.7442	-2.67912	14.8983
-1.93118	-3.08258	14.1972
-2.16146	-3.55404	13.559
-2.43998	-4.10723	12.9895
-2.77343	-4.75759	12.4972
-3.17026	-5.52236	12.0946
-3.64068	-6.4204	11.7997
-4.19662	-7.47159	11.6378
-4.85162	-8.69548	11.6443
-5.62039	-10.1086	11.867
-6.51803	-11.7199	12.3704
-7.55841	-13.523	13.2384
-8.75133	-15.484	14.5766
-10.0979	-17.5238	16.5093
-11.5831	-19.4939	19.1679
-13.1652	-21.1501	22.6616
-14.7622	-22.1328	27.0219
-16.2363	-21.9789	32.1153
-17.3848	-20.203	37.5396
-17.9485	-16.482	42.562
-17.6552	-10.9251	46.2085
-16.3092	-4.27708	47.6018
-13.9027	2.20223	46.4581
-10.6817	7.29055	43.368
-7.08729	10.4279	39.4975
-3.58425	11.8491	35.9129
-0.497592	12.1793	33.1481
2.03779	11.987	31.259
4.02762	11.6144	30.0804
5.54497	11.2145	29.4117
6.67888	10.8337	29.0868
7.50984	10.4718	28.9826
8.10224	10.1148	29.0097
8.50475	9.7489	29.1016
8.75358	9.36655	29.2077
8.87618	8.96778	29.2898
8.8945	8.55945	29.3197
8.82749	8.15351	29.2786
8.69269	7.76471	29.1566
8.5071	7.40834	28.9515
8.28734	7.09829	28.6679
8.04953	6.84562	28.3154
7.80875	6.65793	27.9074
7.57859	6.53924	27.4588
7.37072	6.49049	26.9855
7.19467	6.51024	26.503
7.05779	6.59544	26.0263
6.96532	6.74213	25.5692
6.92068	6.94591	25.1448
6.92572	7.20219	24.7651
6.98102	7.50623	24.4419
7.08606	7.85289	24.1864
7.23942	8.2363	24.0093
7.4388	8.64937	23.9214
7.68091	9.08319	23.9324
7.96137	9.52639	24.0513
8.27437	9.96459	24.2855
8.61242	10.38	24.6392
8.96594	10.7513	25.1131
9.32301	11.0539	25.7016
9.6692	11.2614	26.392
9.98764	11.3472	27.1622
10.2595	11.2876	27.9802
10.4651	11.0659	28.804
10.5853	10.6763	29.5839
10.6035	10.1274	30.2663
10.5083	9.44425	30.7999
10.2955	8.66694	31.1421
9.96977	7.84662	31.2657
9.54514	7.03851	31.1628
9.04381	6.29395	30.8445
8.49384	5.65357	30.3379
7.92579	5.14335	29.6803
7.3693	4.77414	28.9126
6.85027	4.54415	28.0742
6.38904	4.4431	27.1995
5.99985	4.45652	26.3166
5.69119	4.56939	25.4478
5.46683	4.7685	24.6107
5.32716	5.0437	23.8195
5.27047	5.38823	23.0865
5.29402	5.79839	22.4232
5.39489	6.27289	21.8412
5.57049	6.81195	21.3532
5.81879	7.41623	20.9733
6.13827	8.08564	20.7178
6.52775	8.81794	20.6055
6.98579	9.60697	20.6577
7.51002	10.4407	20.8982
8.09615	11.2985	21.3519
8.73663	12.149	22.0426
9.41911	12.947	22.9898
10.1247	13.6319	24.2027
10.8261	14.1282	25.6722
11.4866	14.3497	27.3621
12.0592	14.2092	29.1994
12.4892	13.6357	31.0691
12.7185	12.5964	32.8181
12.6941	11.1189	34.2719
12.379	9.30421	35.267
11.7641	7.31896	35.6896
10.8751	5.36336	35.5082
9.77271	3.62305	34.7809
8.54278	2.22523	33.6341
7.27927	1.2181	32.2205
6.06704	0.5793	30.6794
4.96949	0.242595	29.1135
4.02411	0.127078	27.5848
3.2447	0.157949	26.1239
2.62735	0.276539	24.7409
2.15719	0.442266	23.4359
1.81421	0.630335	22.205
1.57743	0.827993	21.0436
1.42754	1.0309	19.9474
1.34821	1.24019	18.913
1.32661	1.46041	17.9378
1.35337	1.69817	17.0198
1.42233	1.96141	16.1581
1.53015	2.25905	15.3521
1.67593	2.60093	14.6025
1.86093	2.99798	13.9108
2.08834	3.46239	13.2805
2.36315	4.00793	12.7168
2.6921	4.6501	12.228
3.0837	5.4063	11.8262
3.54822	6.29567	11.5289
4.09771	7.33862	11.3608
4.74589	8.5555	11.3563
5.50782	9.96417	11.5627
6.39909	11.5756	12.0437
7.43438	13.3862	12.8828
8.62474	15.3662	14.1861
9.97302	17.4417	16.0801
11.4668	19.4704	18.7014
13.0675	21.2135	22.1692
14.6967	22.3131	26.531
16.22	22.2986	31.6746
17.4357	20.6606	37.2189
18.0807	17.0326	42.4386
17.8711	11.4708	46.3344
16.591	4.68826	47.9631
14.2105	-2.02968	46.9608
10.9624	-7.37791	43.8793
7.29436	-10.7119	39.9215
3.69311	-12.2368	36.2296
0.507123	-12.6	33.3935
-2.11429	-12.4027	31.4848
-4.17197	-12.0073	30.33
-5.73903	-11.5727	29.7143
-6.90576	-11.1445	29.4579
-7.7535	-10.7202	29.426
-8.34685	-10.2847	29.519
-8.73442	-9.82542	29.6615
-8.95262	-9.33866	29.796
-9.02983	-8.83031	29.879
-8.98992	-8.31437	29.8802
-8.85481	-7.81003	29.7815
-8.64586	-7.33834	29.5762
-8.38435	-6.91902	29.2678
-8.09129	-6.56805	28.867
-7.78664	-6.29638	28.3904
-7.48859	-6.10966	27.8568
-7.2128	-6.00892	27.2861
-6.97203	-5.99173	26.6977
-6.77597	-6.05349	26.1093
-6.63147	-6.18865	25.5372
-6.5429	-6.39152	24.996
-6.51263	-6.65679	24.4992
-6.54146	-6.97964	24.0597
-6.6291	-7.35555	23.6896
-6.77439	-7.77992	23.4014
-6.97549	-8.24738	23.2074
-7.22987	-8.75104	23.1203
-7.5341	-9.28162	23.1526
-7.88361	-9.82641	23.3163
-8.27217	-10.3684	23.6221
-8.69141	-10.8853	24.0777
-9.13018	-11.3494	24.6857
-9.57402	-11.7276	25.4416
-10.0047	-11.9829	26.3303
-10.4004	-12.0774	27.3237
-10.7358	-11.9765	28.3787
-10.9839	-11.6557	29.4367
-11.1183	-11.1069	30.4272
-11.116	-10.3451	31.2742
-10.9618	-9.41025	31.9062
-10.6515	-8.36567	32.2676
-10.1943	-7.28923	32.3288
-9.61332	-6.26086	32.0908
-8.94283	-5.34913	31.583
-8.22409	-4.6013	30.8553
-7.49953	-4.03962	29.9665
-6.80755	-3.66387	28.9742
-6.17881	-3.45795	27.9278
-5.63464	-3.39772	26.8656
-5.18726	-3.4576	25.8157
-4.84133	-3.61506	24.7975
-4.59607	-3.85285	23.825
-4.44743	-4.15956	22.9085
-4.38985	-4.52924	22.0567
-4.41773	-4.96046	21.278
-4.52628	-5.45517	20.5815
-4.71206	-6.01763	19.9776
-4.97317	-6.65331	19.4793
-5.3092	-7.36775	19.1021
-5.72091	-8.1652	18.8657
-6.20977	-9.04703	18.7938
-6.77722	-10.0095	18.915
-7.42367	-11.0407	19.263
-8.14707	-12.1171	19.8748
-8.94108	-13.1987	20.7892
-9.7926	-14.2241	22.0407
-10.6789	-15.1068	23.651
-11.5645	-15.7335	25.6161
-12.3983	-15.9702	27.8889
-13.1127	-15.6784	30.3616
-13.6258	-14.7455	32.854
-13.8497	-13.1278	35.1202
-13.7053	-10.893	36.8834
-13.1429	-8.2401	37.9021
-12.1623	-5.47245	38.0467
-10.8243	-2.91919	37.3486
-9.24331	-0.836945	35.9887
-7.56204	0.656632	34.224
-5.9183	1.58482	32.2994
-4.41768	2.06203	30.3892
-3.12174	2.23189	28.5863
-2.05101	2.22385	26.9223
-1.19604	2.13517	25.3952
-0.529798	2.03016	23.9897
-0.0178074	1.94706	22.6888
0.375166	1.90623	21.478
0.681378	1.91704	20.3468
0.92851	1.98299	19.2878
1.13941	2.10512	18.2959
1.33255	2.28416	17.3681
1.52287	2.52182	16.5027
1.72266	2.82156	15.6994
1.94244	3.18893	14.9593
2.19174	3.63177	14.2853
2.47974	4.16031	13.6826
2.81586	4.78717	13.1592
3.21012	5.52722	12.727
3.67354	6.39724	12.4031
4.21828	7.41521	12.2116
4.85767	8.59891	12.1859
5.60592	9.96332	12.3714
6.4774	11.5163	12.8287
7.48518	13.2514	13.6364
8.63842	15.1367	14.8929
9.93807	17.0984	16.7137
11.3701	18.9997	19.2208
12.8961	20.6161	22.5163
14.4401	21.6182	26.6328
15.8757	21.5807	31.4557
17.0167	20.0518	36.6302
17.6237	16.7136	41.5009
17.4417	11.6206	45.1787
16.2775	5.3957	46.8228
14.1011	-0.839956	46.0821
11.1129	-5.92272	43.3875
7.70578	-9.22427	39.7572
4.31977	-10.8517	36.2152
1.28546	-11.3445	33.3462
-1.24052	-11.255	31.276
-3.24342	-10.9486	29.8872
-4.78447	-10.6072	29.0035
-5.94902	-10.2991	28.4716
-6.81903	-10.037	28.1785
-7.46262	-9.8119	28.0445
-7.93248	-9.60902	28.0133
-8.26779	-9.41474	28.0437
-8.49718	-9.21922	28.1048
-8.64159	-9.01702	28.1726
-8.71667	-8.80685	28.2285
-8.73471	-8.59088	28.2583
-8.70594	-8.37393	28.252
-8.63954	-8.16258	28.2033
-8.54415	-7.9642	28.1095
-8.42816	-7.7862	27.9713
-8.29977	-7.63532	27.792
-8.16688	-7.51715	27.5771
-8.03693	-7.43587	27.3342
-7.91672	-7.39418	27.0716
-7.81221	-7.39329	26.7985
-7.72843	-7.43315	26.5244
-7.66937	-7.51256	26.2587
-7.63801	-7.6294	26.0106
-7.63629	-7.78071	25.7888
-7.66517	-7.9628	25.6017
-7.7247	-8.1712	25.457
-7.814	-8.40065	25.3617
-7.93133	-8.64494	25.322
-8.07405	-8.89685	25.3428
-8.23861	-9.14801	25.4278
-8.42049	-9.38887	25.579
-8.61417	-9.60881	25.796
-8.81309	-9.79635	26.0756
-9.00974	-9.93961	26.4117
-9.19572	-10.027	26.7941
-9.36198	-10.0483	27.2092
-9.49924	-9.99538	27.6395
-9.59847	-9.86396	28.0643
-9.65157	-9.65433	28.4612
-9.65212	-9.37223	28.8068
-9.59614	-9.02904	29.0797
-9.48272	-8.64124	29.2617
-9.31442	-8.22914	29.3399
-9.09737	-7.81495	29.3081
-8.84088	-7.42065	29.1669
-8.55684	-7.06591	28.9234
-8.25865	-6.76656	28.5901
-7.96023	-6.53376	28.1829
-7.67494	-6.37397	27.72
-7.41474	-6.28946	27.22
-7.18969	-6.27933	26.701
-7.00762	-6.34054	26.1799
-6.8742	-6.46882	25.6723
-6.79312	-6.65947	25.1924
-6.76639	-6.90773	24.7536
-6.79466	-7.2089	24.3682
-6.87751	-7.55826	24.0482
-7.01366	-7.95066	23.8053
-7.20106	-8.38005	23.6509
-7.43686	-8.83881	23.5965
-7.71725	-9.317	23.6526
-8.0372	-9.80166	23.8292
-8.39009	-10.2761	24.1339
-8.76728	-10.7193	24.5711
-9.15768	-11.1061	25.1402
-9.54737	-11.4078	25.8335
-9.91946	-11.5933	26.634
-10.2542	-11.6325	27.5135
-10.5299	-11.4996	28.4318
-10.7238	-11.1787	29.3372
-10.8148	-10.6683	30.1701
-10.7855	-9.98554	30.8685
-10.6255	-9.16706	31.3762
-10.3338	-8.26624	31.6509
-9.9203	-7.34636	31.6713
-9.40551	-6.47103	31.4397
-8.81861	-5.69457	30.9802
-8.19381	-5.05505	30.3323
-7.56605	-4.57175	29.543
-6.96719	-4.24683	28.6591
-6.42312	-4.07005	27.7224
-5.95251	-4.02431	26.7667
-5.56687	-4.09064	25.8183
-5.27162	-4.25174	24.8967
-5.06765	-4.49389	24.0172
-4.95289	-4.80768	23.1917
-4.92385	-5.18782	22.4311
-4.97664	-5.63248	21.7456
-5.10781	-6.14234	21.1465
-5.31472	-6.71962	20.6462
-5.5957	-7.3669	20.2593
-5.94994	-8.08586	20.0032
-6.37712	-8.87575	19.8986
-6.87685	-9.7315	19.9694
-7.44778	-10.6414	20.2428
-8.0865	-11.584	20.7483
-8.786	-12.5252	21.5152
-9.53384	-13.4142	22.5686
-10.3099	-14.1815	23.9227
-11.0842	-14.7386	25.5711
-11.8151	-14.9823	27.4746
-12.4485	-14.8068	29.5496
-12.9202	-14.1249	31.6601
-13.1611	-12.8966	33.6215
-13.1082	-11.1589	35.223
-12.7184	-9.04213	36.2699
-11.9831	-6.75768	36.6356
-10.938	-4.55291	36.3012
-9.66101	-2.64587	35.3612
-8.25798	-1.17062	33.9865
-6.84051	-0.158489	32.3672
-5.5041	0.442158	30.6626
-4.31485	0.726424	28.9786
-3.3066	0.796347	27.3704
-2.48601	0.738784	25.858
-1.84105	0.617507	24.4422
-1.34934	0.474154	23.1158
-0.98464	0.332863	21.8702
-0.721139	0.205493	20.6972
-0.535813	0.0960567	19.5904
-0.409439	0.00401629	18.5446
-0.326748	-0.0734925	17.5555
-0.276097	-0.140277	16.6197
-0.248933	-0.200313	15.7341
-0.239209	-0.257375	14.8959
-0.242842	-0.314919	14.1027
-0.257258	-0.376118	13.3521
-0.28103	-0.443961	12.6419
-0.313616	-0.521404	11.9702
-0.355173	-0.61152	11.335
-0.406443	-0.717668	10.7348
-0.468688	-0.843661	10.1681
-0.543683	-0.993939	9.63376
-0.633734	-1.17377	9.13076
-0.741741	-1.38945	8.65867
-0.871284	-1.64859	8.21748
-1.02675	-1.96034	7.80794
-1.21346	-2.33578	7.43178
-1.43793	-2.78824	7.0921
-1.70799	-3.33375	6.79404
-2.03314	-3.99147	6.54557
-2.42481	-4.78404	6.35878
-2.89665	-5.73787	6.25165
-3.4649	-6.88307	6.25065
-4.14853	-8.25259	6.39426
-4.96934	-9.88018	6.73796
-5.95151	-11.7957	7.36056
-7.12036	-14.0165	8.37204
-8.4996	-16.5314	9.92159
-10.106	-19.2739	12.2026
-11.9395	-22.0814	15.4475
-13.9679	-24.6372	19.8964
-16.1018	-26.4083	25.7179
-18.1631	-26.615	32.8507
-19.8535	-24.3206	40.7668
-20.7469	-18.7649	48.2496
-20.3505	-9.98729	53.4626
-18.2779	0.575974	54.6761
-14.5071	10.3161	51.5495
-9.54245	16.9425	45.8071
-4.24546	20.0021	40.1306
0.604053	20.6321	36.2919
4.60966	20.1193	34.6056
7.71157	19.1079	34.6148
9.99083	17.7055	35.7157
11.5338	15.8097	37.3488
12.3889	13.3369	39.0037
12.5785	10.3437	40.2281
12.1316	7.06059	40.6848
11.1174	3.84164	40.2281
9.66223	1.04592	38.9368
7.93897	-1.08846	37.0622
6.13348	-2.50559	34.9128
4.40567	-3.30347	32.7434
2.86384	-3.65535	30.706
1.56	-3.73724	28.859
0.500553	-3.68929	27.2032
-0.337416	-3.60753	25.7155
-0.991439	-3.5508	24.3683
-1.50331	-3.55179	23.1391
-1.91301	-3.62691	22.0118
-2.25579	-3.78348	20.9766
-2.56133	-4.02468	20.0285
-2.854	-4.35253	19.1665
-3.1537	-4.7697	18.3927
-3.4769	-5.28027	17.7126
-3.83758	-5.89003	17.1351
-4.24807	-6.60612	16.6733
-4.71968	-7.43633	16.3454
-5.26301	-8.38773	16.1755
-5.88795	-9.46461	16.1957
-6.60328	-10.6654	16.4465
-7.4157	-11.9779	16.9779
-8.32814	-13.3731	17.8489
-9.33713	-14.7964	19.1244
-10.429	-16.1579	20.8676
-11.5748	-17.3224	23.1248
-12.7243	-18.1046	25.9016
-13.8004	-18.2765	29.1275
-14.6956	-17.5998	32.6185
-15.2764	-15.8903	36.0516
-15.3992	-13.1125	38.9838
-14.9419	-9.46744	40.9431
-13.847	-5.4102	41.5887
-12.1596	-1.53874	40.869
-10.0354	1.62167	39.0635
-7.70402	3.80978	36.6546
-5.40126	5.06709	34.1127
-3.30759	5.62608	31.746
-1.52086	5.76136	29.6807
-0.0644151	5.69725	27.9225
1.08792	5.58321	26.4259
1.98698	5.50579	25.138
2.69074	5.50941	24.0161
3.25447	5.61361	23.0318
3.7263	5.82472	22.1688
4.14599	6.1428	21.4205
4.54535	6.56551	20.7875
4.94938	7.08987	20.2757
5.37748	7.71269	19.8961
5.84452	8.43001	19.6645
6.36162	9.23575	19.6011
6.93645	10.1196	19.7308
7.57309	11.0644	20.0824
8.27136	12.0424	20.6871
9.02556	13.0113	21.576
9.8227	13.9106	22.7739
10.6403	14.6591	24.2921
11.4441	15.155	26.1161
12.1862	15.2831	28.1919
12.8056	14.9307	30.4132
13.2306	14.014	32.6151
13.3873	12.5125	34.5839
13.2123	10.4994	36.0896
12.6698	8.15179	36.9393
11.7662	5.72359	37.0348
10.5576	3.48302	36.4065
9.14272	1.63831	35.2003
7.64184	0.288941	33.6225
6.17126	-0.576161	31.8735
4.82178	-1.04272	30.1024
3.64888	-1.22461	28.3964
2.67418	-1.22905	26.7926
1.89353	-1.13989	25.2979
1.28685	-1.01476	23.9055
0.826526	-0.889087	22.6044
0.483404	-0.782113	21.3842
0.2303	-0.702508	20.2361
0.0437386	-0.652698	19.1536
-0.0955487	-0.631905	18.1315
-0.20282	-0.638125	17.1657
-0.289881	-0.669311	16.2528
-0.365767	-0.724031	15.3899
-0.43742	-0.801798	14.5744
-0.510295	-0.903215	13.8041
-0.588879	-1.03003	13.0771
-0.67711	-1.18519	12.3918
-0.778725	-1.37285	11.7469
-0.897551	-1.59853	11.1418
-1.03775	-1.86918	10.5763
-1.20403	-2.19343	10.051
-1.40191	-2.58178	9.56776
-1.63789	-3.04695	9.12987
-1.9197	-3.60416	8.74275
-2.25659	-4.27144	8.41485
-2.65956	-5.06992	8.15884
-3.14163	-6.0239	7.99337
-3.71809	-7.16049	7.94556
-4.40657	-8.50857	8.05426
-5.22697	-10.0962	8.37457
-6.20082	-11.9459	8.98338
-7.34985	-14.0654	9.98576
-8.69296	-16.4321	11.5208
-10.2408	-18.9686	13.7632
-11.9863	-21.5051	16.9142
-13.8901	-23.7326	21.1675
-15.8586	-25.156	26.6315
-17.7181	-25.0869	33.1899
-19.1918	-22.7461	40.3096
-19.9027	-17.5663	46.8906
-19.4354	-9.69548	51.3821
-17.4874	-0.412775	52.4104
-14.0725	8.13298	49.7595
-9.6314	14.0945	44.8167
-4.88621	17.052	39.7115
-0.498566	17.8555	35.9271
3.17224	17.5774	33.833
6.05327	16.8558	33.1437
8.21377	15.8959	33.4167
9.75021	14.6882	34.2458
10.7378	13.1765	35.2836
11.2255	11.3487	36.2315
11.2502	9.27369	36.8471
10.8549	7.09759	36.9685
10.1034	5.00859	36.5378
9.08445	3.1832	35.6012
7.9042	1.73849	34.2808
6.67106	0.710833	32.7273
5.47901	0.0658945	31.0767
4.39639	-0.272567	29.4265
3.4626	-0.392543	27.8331
2.69157	-0.373134	26.3215
2.07863	-0.275314	24.8976
1.60784	-0.140833	23.5583
1.25811	0.00481605	22.2973
1.00745	0.148212	21.1082
0.835601	0.28411	19.9854
0.725303	0.412367	18.9243
0.662716	0.535772	17.921
0.637327	0.658647	16.9723
0.641591	0.786039	16.0755
0.67048	0.923331	15.2282
0.721051	1.07613	14.4284
0.792066	1.25032	13.6744
0.883717	1.45225	12.9649
0.997424	1.68894	12.2992
1.13573	1.96837	11.6769
1.30226	2.29977	11.0988
1.50176	2.69397	10.5668
1.7402	3.1637	10.0841
2.0249	3.72397	9.65643
2.36472	4.39237	9.29224
2.77025	5.1893	9.00439
3.25406	6.13796	8.81166
3.83084	7.264	8.74117
4.51747	8.59427	8.83152
5.33283	10.1542	9.13699
6.29711	11.963	9.73271
7.4303	14.0244	10.7203
8.74911	16.3118	12.2326
10.2616	18.7445	14.4345
11.9582	21.1537	17.5117
13.7973	23.2391	21.6369
15.6857	24.5302	26.8957
17.4546	24.386	33.1567
18.8409	22.0981	39.9013
19.4923	17.1715	46.1002
19.0282	9.77181	50.3358
17.1769	1.07619	51.37
13.9568	-6.97382	49
9.77064	-12.6962	44.44
5.27728	-15.6548	39.5889
1.09085	-16.5649	35.8252
-2.4403	-16.4043	33.5531
-5.2331	-15.8052	32.5642
-7.34753	-15.0114	32.4817
-8.8803	-14.0526	32.9553
-9.91476	-12.8915	33.6935
-10.5101	-11.5046	34.4528
-10.709	-9.91815	35.0336
-10.5508	-8.21333	35.2894
-10.0833	-6.51087	35.1405
-9.36884	-4.94066	34.5793
-8.4832	-3.60903	33.6609
-7.50837	-2.5764	32.478
-6.52197	-1.85243	31.1327
-5.58807	-1.40675	29.7139
-4.7518	-1.18707	28.2864
-4.03886	-1.13611	26.8906
-3.45831	-1.203	25.5482
-3.00725	-1.34853	24.2688
-2.6755	-1.54597	23.0556
-2.4496	-1.77962	21.9087
-2.3156	-2.04245	20.8274
-2.26097	-2.33378	19.8112
-2.27553	-2.6574	18.8601
-2.35191	-3.02021	17.9752
-2.48557	-3.43135	17.1586
-2.67472	-3.90167	16.4141
-2.92011	-4.44342	15.7474
-3.22477	-5.07013	15.167
-3.59385	-5.7964	14.6851
-4.03436	-6.63751	14.3185
-4.55499	-7.60867	14.0904
-5.16572	-8.72366	14.0321
-5.87731	-9.99227	14.185
-6.7003	-11.4163	14.603
-7.64351	-12.9833	15.354
-8.71146	-14.6568	16.5199
-9.90053	-16.3638	18.1925
-11.1932	-17.9786	20.4624
-12.5503	-19.3064	23.3959
-13.9015	-20.0759	26.9941
-15.1364	-19.9541	31.1361
-16.0999	-18.6056	35.5161
-16.601	-15.8133	39.6129
-16.4435	-11.6413	42.7506
-15.4831	-6.55745	44.299
-13.6979	-1.37913	43.967
-11.2342	3.02275	41.9999
-8.38279	6.10784	39.0808
-5.48466	7.84344	35.9724
-2.81904	8.56109	33.1935
-0.543015	8.68269	30.9405
1.30213	8.54097	29.1961
2.74989	8.339	27.8614
3.86772	8.17984	26.8341
4.73014	8.10644	26.0357
5.4054	8.13014	25.414
5.95035	8.24711	24.9375
6.4097	8.44662	24.589
6.81709	8.71497	24.3604
7.19666	9.0369	24.2494
7.56471	9.39601	24.2568
7.93097	9.77442	24.3846
8.29966	10.1524	24.6345
8.67021	10.508	25.0059
9.03776	10.817	25.4944
9.39361	11.0536	26.0899
9.72561	11.1914	26.7751
10.0188	11.2058	27.524
10.2562	11.077	28.3014
10.4203	10.7937	29.0641
10.495	10.356	29.7635
10.4672	9.77875	30.3499
10.3295	9.09124	30.7783
10.0819	8.33544	31.015
9.73258	7.56079	31.0416
9.29822	6.81753	30.8578
8.80208	6.14973	30.4798
8.27161	5.59018	29.9369
7.73533	5.15796	29.265
7.21985	4.8591	28.5022
6.7477	4.6894	27.6837
6.33604	4.6383	26.8401
5.99649	4.69251	25.9964
5.7357	4.83895	25.1727
5.55635	5.06651	24.3852
5.45838	5.36687	23.6477
5.44008	5.73466	22.9724
5.499	6.16698	22.3711
5.63259	6.6627	21.8563
5.83861	7.22155	21.4412
6.1152	7.84301	21.1409
6.46076	8.52504	20.9726
6.87362	9.26259	20.9557
7.35141	10.0457	21.1114
7.89028	10.8576	21.4624
8.48375	11.6722	22.0312
9.12143	12.4515	22.8366
9.78744	13.1444	23.8902
10.4588	13.686	25.1891
11.1043	14.0003	26.7084
11.6835	14.0071	28.3932
12.1482	13.6351	30.152
12.4456	12.8395	31.8567
12.5244	11.6228	33.3535
12.344	10.0493	34.486
11.8851	8.24704	35.1278
11.1575	6.38782	35.2146
10.2035	4.65012	34.7619
9.09286	3.1772	33.8569
7.90973	2.04853	32.629
6.73749	1.27528	31.2129
5.64505	0.816835	29.72
4.6794	0.606305	28.2272
3.86478	0.572917	26.7785
3.20641	0.655877	25.3946
2.6963	0.80984	24.0823
2.31901	1.00491	22.8415
2.05619	1.22406	21.6699
1.88977	1.4599	20.5645
1.80379	1.71173	19.5229
1.78538	1.98331	18.5435
1.82497	2.28131	17.6253
1.91623	2.61435	16.7686
2.05586	2.99251	15.9744
2.24319	3.42712	15.2455
2.47997	3.93079	14.5862
2.77014	4.51749	14.0032
3.11961	5.2026	13.5066
3.53621	6.00282	13.1109
4.02953	6.93579	12.8362
4.61078	8.01913	12.7106
5.29245	9.26867	12.7721
6.0877	10.6952	13.072
7.00919	12.2988	13.677
8.06711	14.0607	14.6717
9.26582	15.9299	16.1578
10.5986	17.8058	18.2481
12.0401	19.5168	21.0492
13.5354	20.8003	24.6263
14.9884	21.2976	28.9437
16.2502	20.5887	33.7843
17.1179	18.297	38.6739
17.3537	14.2768	42.8755
16.7383	8.82833	45.5439
15.1563	2.77865	46.0703
12.6808	-2.75451	44.4555
9.59374	-6.8728	41.386
6.30043	-9.30377	37.86
3.17959	-10.3601	34.6684
0.471645	-10.577	32.1606
-1.73808	-10.4047	30.3456
-3.47141	-10.1151	29.0889
-4.80014	-9.83717	28.2397
-5.80755	-9.61741	27.678
-6.56952	-9.46246	27.3189
-7.14811	-9.3627	27.1052
-7.59103	-9.30337	26.9981
-7.9335	-9.26941	26.9706
-8.20068	-9.24735	27.003
-8.41001	-9.22593	27.0795
-8.5732	-9.19624	27.1871
-8.69781	-9.1517	27.3139
-8.78858	-9.08801	27.4492
-8.84847	-9.00307	27.5826
-8.87939	-8.89687	27.7048
-8.88289	-8.77135	27.8072
-8.86058	-8.63018	27.8825
-8.8145	-8.4784	27.9248
-8.74728	-8.3221	27.9301
-8.66224	-8.16788	27.8964
-8.56337	-8.02247	27.8236
-8.45519	-7.89223	27.7137
-8.3426	-7.78279	27.5702
-8.23064	-7.69884	27.3984
-8.12428	-7.6439	27.2045
-8.0282	-7.62028	26.9956
-7.94662	-7.62914	26.7794
-7.88312	-7.67055	26.5637
-7.84061	-7.7436	26.3563
-7.82121	-7.84648	26.1649
-7.82626	-7.9766	25.9968
-7.85633	-8.13062	25.8589
-7.91119	-8.30443	25.7573
-7.98984	-8.4932	25.6975
-8.09051	-8.69126	25.6842
-8.21066	-8.89216	25.7207
-8.34696	-9.08862	25.8091
-8.49529	-9.27259	25.9499
-8.65075	-9.43546	26.1413
-8.80769	-9.56833	26.3796
-8.95982	-9.6624	26.6582
-9.10034	-9.7096	26.9679
-9.22219	-9.70325	27.2968
-9.3184	-9.63889	27.6307
-9.3825	-9.51493	27.9534
-9.40899	-9.33337	28.2481
-9.39386	-9.10002	28.4979
-9.33509	-8.82449	28.6877
-9.23297	-8.51961	28.8052
-9.0903	-8.20053	28.8421
-8.91235	-7.88341	28.7948
-8.70656	-7.58407	28.6643
-8.48206	-7.31672	28.4561
-8.24899	-7.09301	28.1797
-8.0178	-6.9215	27.847
-7.79854	-6.80761	27.4717
-7.60035	-6.75385	27.0683
-7.43105	-6.76039	26.6513
-7.29692	-6.82563	26.2347
-7.20266	-6.94675	25.8316
-7.15148	-7.12018	25.4546
-7.14522	-7.34184	25.1154
-7.18454	-7.60722	24.8251
-7.26908	-7.91127	24.5942
-7.39752	-8.24819	24.4327
-7.56765	-8.61101	24.3499
-7.77632	-8.99124	24.3546
-8.01931	-9.37838	24.454
-8.29112	-9.75954	24.654
-8.58481	-10.1192	24.9574
-8.89168	-10.4392	25.3638
-9.20119	-10.6992	25.8675
-9.5008	-10.8777	26.4568
-9.77617	-10.9533	27.1127
-10.0116	-10.9078	27.8083
-10.1908	-10.728	28.5093
-10.2983	-10.4096	29.1754
-10.3205	-9.95934	29.7634
-10.2483	-9.39617	30.2317
-10.0779	-8.75083	30.5452
-9.81246	-8.0628	30.68
-9.46253	-7.3756	30.626
-9.04515	-6.73112	30.3885
-8.58234	-6.16442	29.9854
-8.09875	-5.70034	29.4443
-7.61907	-5.35239	28.7973
-7.16573	-5.12385	28.077
-6.75736	-5.01034	27.3139
-6.40796	-5.00286	26.5343
-6.12694	-5.09065	25.7603
-5.91968	-5.26329	25.0102
-5.7884	-5.512	24.2995
-5.73312	-5.83016	23.6416
-5.75253	-6.2133	23.0492
-5.84468	-6.65863	22.5348
-6.00747	-7.1643	22.1113
-6.23884	-7.72855	21.7928
-6.53678	-8.34849	21.5948
-6.89912	-9.0189	21.5346
-7.32308	-9.73064	21.6305
-7.80459	-10.4689	21.902
-8.33746	-11.2114	22.368
-8.91224	-11.9263	23.0446
-9.51505	-12.571	23.9413
-10.1262	-13.092	25.0567
-10.7194	-13.4262	26.3718
-11.2608	-13.5068	27.8437
-11.71	-13.2718	29.4007
-12.0223	-12.6783	30.9409
-12.1535	-11.7177	32.3392
-12.0664	-10.4286	33.4626
-11.7388	-8.90172	34.1946
-11.1714	-7.26933	34.4608
-10.391	-5.68042	34.2471
-9.44886	-4.26854	33.6011
-8.4128	-3.12469	32.6157
-7.35518	-2.28558	31.4019
-6.34126	-1.73943	30.0634
-5.42089	-1.44295	28.6806
-4.6253	-1.3403	27.3074
-3.9683	-1.37757	25.975
-3.45016	-1.51073	24.699
-3.06227	-1.70829	23.486
-2.79148	-1.95059	22.338
-2.6233	-2.22769	21.2555
-2.54418	-2.53699	20.2388
-2.54274	-2.88117	19.2885
-2.61042	-3.26656	18.4063
-2.74165	-3.70211	17.5952
-2.93374	-4.19859	16.8598
-3.18671	-4.76827	16.2069
-3.50302	-5.42453	15.6464
-3.88733	-6.18154	15.192
-4.34617	-7.05368	14.8624
-4.88767	-8.05458	14.6828
-5.52105	-9.19528	14.6871
-6.2559	-10.4814	14.9192
-7.101	-11.9084	15.4349
-8.06248	-13.4547	16.3029
-9.14094	-15.0718	17.603
-10.3271	-16.6711	19.4196
-11.5959	-18.1099	21.8272
-12.8987	-19.1793	24.8631
-14.1548	-19.605	28.4848
-15.2449	-19.0756	32.5157
-16.011	-17.3173	36.5977
-16.2723	-14.2178	40.1911
-15.8614	-9.96588	42.6747
-14.6823	-5.11133	43.5602
-12.7681	-0.439925	42.7379
-10.3025	3.33237	40.5709
-7.57549	5.85595	37.7205
-4.8892	7.21158	34.8215
-2.46905	7.73438	32.2592
-0.428363	7.79001	30.1567
1.21531	7.65269	28.4816
2.50279	7.48793	27.1486
3.49982	7.38078	26.0755
4.27601	7.36788	25.2015
4.89438	7.45985	24.4875
5.40748	7.65449	23.9117
5.85688	7.94354	23.4642
6.27421	8.31598	23.1433
6.68256	8.7591	22.9525
7.09787	9.25852	22.899
7.53	9.79747	22.9921
7.98349	10.3557	23.2413
8.45794	10.9084	23.6553
8.94803	11.4252	24.2389
9.44346	11.8698	24.9908
9.92872	12.2007	25.8998
10.3831	12.3737	26.9413
10.7812	12.3461	28.074
11.0942	12.0833	29.2388
11.292	11.5667	30.3605
11.347	10.8023	31.3535
11.238	9.8252	32.1328
10.9555	8.69981	32.6273
10.5043	7.51193	32.7934
9.90585	6.35465	32.6226
9.19561	5.31174	32.1417
8.41884	4.4438	31.4044
7.62383	3.78171	30.4777
6.85541	3.32829	29.4288
6.14998	3.06581	28.3156
5.53315	2.96567	27.1826
5.01965	2.99682	26.061
4.61509	3.13155	24.972
4.31838	3.34841	23.9292
4.12438	3.63303	22.9421
4.02611	3.97758	22.0182
4.01641	4.37969	21.1642
4.08906	4.8412	20.3873
4.23949	5.36696	19.6959
4.46499	5.96373	19.1005
4.76473	6.63918	18.6144
5.13962	7.40079	18.2543
5.59186	8.25457	18.0414
6.1244	9.20321	18.0024
6.74016	10.2437	18.1696
7.44088	11.364	18.5814
8.22551	12.5384	19.2816
9.08809	13.7219	20.3159
10.0148	14.8441	21.7265
10.9807	15.8038	23.541
11.9453	16.467	25.7562
12.8497	16.6737	28.3166
13.6145	16.2589	31.0914
14.1434	15.0919	33.8604
14.3331	13.1324	36.3235
14.0929	10.4837	38.1508
13.3711	7.41296	39.071
12.1795	4.30408	38.9696
10.6044	1.54592	37.9396
8.79269	-0.593074	36.2441
6.91554	-2.03096	34.2068
5.12624	-2.8488	32.1015
3.53123	-3.21233	30.0973
2.18252	-3.29621	28.2653
1.08677	-3.24186	26.6139
0.221045	-3.1469	25.124
-0.452544	-3.07125	23.7702
-0.976285	-3.04811	22.5302
-1.39065	-3.09394	21.3881
-1.73131	-3.21596	20.3335
-2.02824	-3.4171	19.3604
-2.30601	-3.69923	18.4665
-2.58465	-4.06493	17.6522
-2.88071	-4.51854	16.9209
-3.20828	-5.06649	16.2787
-3.57992	-5.71726	15.7356
-4.00739	-6.48102	15.3058
-4.50211	-7.36882	15.0089
-5.07545	-8.39119	14.8719
-5.7386	-9.55598	14.9305
-6.50208	-10.8649	15.231
-7.37464	-12.3081	15.8316
-8.36132	-13.8567	16.8026
-9.46039	-15.452	18.2236
-10.6587	-16.9928	20.1754
-11.9255	-18.3209	22.7218
-13.2046	-19.2134	25.8797
-14.4064	-19.3891	29.5735
-15.4029	-18.548	33.5828
-16.0319	-16.4572	37.5056
-16.117	-13.0802	40.7821
-15.5096	-8.69838	42.8233
-14.1474	-3.92634	43.2376
-12.1032	0.463623	42.0425
-9.58981	3.85353	39.688
-6.90114	6.01817	36.8322
-4.31728	7.11686	34.0372
-2.03045	7.49581	31.6074
-0.125197	7.49239	29.6173
1.39832	7.34659	28.0189
2.58797	7.19913	26.73
3.5102	7.12088	25.677
4.23234	7.14154	24.8075
4.81418	7.26894	24.089
5.30513	7.50013	23.5041
5.74413	7.82716	23.0463
6.16074	8.23971	22.7164
6.57653	8.72593	22.5201
7.00641	9.27219	22.4668
7.45957	9.86211	22.5678
7.94007	10.4753	22.8356
8.44712	11.0859	23.2811
8.97488	11.6614	23.9124
9.51218	12.1619	24.7302
10.0421	12.5407	25.725
10.5418	12.7468	26.8717
10.9828	12.7298	28.1261
11.3322	12.4475	29.4222
11.5553	11.8762	30.6742
11.6195	11.0207	31.7829
11.4997	9.92115	32.6488
11.184	8.65352	33.1894
10.6779	7.31969	33.3549
10.0063	6.02972	33.1392
9.21095	4.88065	32.5784
8.34489	3.9396	31.74
7.46383	3.23661	30.7047
6.61839	2.76813	29.5503
5.84834	2.50755	28.3407
5.18018	2.41755	27.1225
4.62765	2.46012	25.9264
4.19415	2.60283	24.7714
3.87588	2.8216	23.6686
3.66503	3.10093	22.625
3.55221	3.43291	21.6456
3.52835	3.81569	20.7351
3.58582	4.25204	19.8984
3.71906	4.74802	19.1421
3.92485	5.31191	18.4744
4.20226	5.95341	17.9061
4.55249	6.68269	17.4514
4.97853	7.50948	17.1291
5.48472	8.44171	16.9633
6.07612	9.48354	16.9846
6.7576	10.6325	17.2312
7.53258	11.8753	17.7492
8.40112	13.182	18.5916
9.3573	14.4992	19.815
10.3857	15.741	21.4716
11.4568	16.7823	23.5961
12.5219	17.4557	26.183
13.5086	17.5616	29.1582
14.3192	16.8975	32.3477
14.8349	15.3144	35.4617
14.9308	12.7942	38.1141
14.5035	9.51812	39.902
13.5064	5.87537	40.5348
11.9802	2.37187	39.96
10.0585	-0.541235	38.3971
7.93858	-2.622	36.2404
5.82646	-3.8779	33.8913
3.88559	-4.48685	31.6318
2.2111	-4.67935	29.5961
0.833009	-4.65635	27.8107
-0.264862	-4.56007	26.2499
-1.1239	-4.47814	24.8741
-1.79475	-4.45884	23.6481
-2.32757	-4.52587	22.5469
-2.76723	-4.6892	21.5551
-3.15162	-4.95211	20.665
-3.51172	-5.31541	19.8751
-3.87246	-5.77975	19.1884
-4.25392	-6.34661	18.6126
-4.67245	-7.01834	18.1599
-5.14163	-7.79752	17.8472
-5.67281	-8.6856	17.6972
-6.27537	-9.6808	17.7388
-6.95645	-10.775	18.0078
-7.72017	-11.9498	18.5465
-8.56609	-13.1704	19.4024
-9.48695	-14.38	20.624
-10.4656	-15.4919	22.2525
-11.4708	-16.3851	24.3083
-12.4537	-16.9043	26.7709
-13.3438	-16.8724	29.5535
-14.0495	-16.1203	32.4801
-14.4637	-14.539	35.2775
-14.4787	-12.1431	37.6018
-14.0116	-9.11977	39.1127
-13.0332	-5.82324	39.5823
-11.5912	-2.68766	38.9892
-9.81053	-0.086342	37.5328
-7.86569	1.78583	35.548
-5.93539	2.93752	33.3712
-4.1608	3.51637	31.2427
-2.62537	3.71589	29.2838
-1.35712	3.70898	27.5269
-0.343897	3.62196	25.9581
0.449275	3.53548	24.5488
1.06652	3.49578	23.2713
1.55237	3.52673	22.1047
1.94724	3.63923	21.0353
2.28564	3.83768	20.0551
2.59605	4.12411	19.161
2.90166	4.50056	18.3532
3.22144	4.97039	17.6355
3.57123	5.53875	17.0152
3.96473	6.21256	16.5033
4.4143	6.99994	16.1158
4.93143	7.90915	15.8742
5.52697	8.94691	15.8077
6.21096	10.1157	15.9536
6.99191	11.4098	16.3593
7.87548	12.8094	17.0823
8.86227	14.2729	18.1889
9.94439	15.7264	19.7486
11.1008	17.0529	21.8231
12.2912	18.0832	24.4452
13.4496	18.5954	27.5868
14.4788	18.3347	31.1175
15.25	17.0652	34.7672
15.613	14.6599	38.1178
15.4224	11.2073	40.6626
14.5794	7.07742	41.9508
13.079	2.868	41.7771
11.0368	-0.793173	40.2992
8.6708	-3.49218	37.9748
6.2382	-5.15213	35.3439
3.96013	-5.96535	32.8161
1.97504	-6.22749	30.5934
0.334533	-6.20538	28.7158
-0.97345	-6.08606	27.1428
-1.99597	-5.98103	25.8136
-2.79298	-5.94869	24.6757
-3.42412	-6.01541	23.6919
-3.94238	-6.19013	22.8403
-4.39193	-6.47315	22.1102
-4.80818	-6.86104	21.4996
-5.21875	-7.34892	21.0128
-5.64478	-7.93123	20.6591
-6.10207	-8.60136	20.4527
-6.60193	-9.35042	20.4116
-7.15163	-10.1654	20.5576
-7.75438	-11.0266	20.9152
-8.40882	-11.9048	21.5098
-9.10801	-12.7582	22.3647
-9.83805	-13.5296	23.496
-10.5764	-14.1452	24.9049
-11.2901	-14.517	26.5688
-11.9355	-14.5498	28.4297
-12.4584	-14.1562	30.3867
-12.7979	-13.2784	32.2933
-12.894	-11.914	33.9697
-12.698	-10.1362	35.2304
-12.1857	-8.09723	35.9256
-11.368	-6.00371	35.983
-10.2951	-4.06862	35.4289
-9.04982	-2.45762	34.3771
-7.73138	-1.25423	32.9885
-6.43595	-0.457787	31.423
-5.24032	-0.00802176	29.8061
-4.19386	0.181426	28.2173
-3.3188	0.19602	26.6971
-2.61584	0.105619	25.2603
-2.07155	-0.0398276	23.9075
-1.6652	-0.208586	22.6341
-1.37388	-0.383121	21.4339
-1.17573	-0.555879	20.3013
-1.05176	-0.725793	19.2316
-0.986565	-0.895722	18.2212
-0.968396	-1.07076	17.2671
-0.988868	-1.25721	16.3669
-1.04254	-1.46214	15.5189
-1.12646	-1.69314	14.7217
-1.23979	-1.95843	13.9747
-1.38352	-2.26703	13.2779
-1.56022	-2.62906	12.6325
-1.77399	-3.05601	12.0408
-2.03039	-3.56112	11.507
-2.33654	-4.15964	11.0379
-2.70116	-4.8691	10.6436
-3.13475	-5.70936	10.339
-3.64967	-6.70243	10.1456
-4.26022	-7.87163	10.0937
-4.9825	-9.2399	10.2261
-5.83398	-10.8263	10.6014
-6.83244	-12.6398	11.2992
-7.99391	-14.6692	12.4238
-9.32896	-16.8661	14.1065
-10.8364	-19.121	16.501
-12.4933	-21.2307	19.765
-14.2408	-22.8638	24.0157
-15.9654	-23.5413	29.2468
-17.4806	-22.6723	35.2039
-18.5189	-19.7003	41.2528
-18.7552	-14.3977	46.3493
-17.8837	-7.22691	49.278
-15.7523	0.528198	49.2347
-12.4962	7.20755	46.4424
-8.55548	11.6726	42.1641
-4.50986	13.8628	37.9181
-0.83533	14.4801	34.6454
2.22776	14.3015	32.5557
4.64251	13.8125	31.4566
6.47652	13.2153	31.0615
7.82428	12.5545	31.1166
8.77032	11.8157	31.4217
