-1.76	-2.87819	15.7505
-1.98364	-3.25181	15.0118
-2.23727	-3.70205	14.3402
-2.53023	-4.23923	13.741
-2.87203	-4.87601	13.2227
-3.27282	-5.62731	12.7975
-3.74372	-6.50986	12.4834
-4.29695	-7.54146	12.305
-4.94585	-8.73945	12.2968
-5.70457	-10.118	12.5055
-6.58725	-11.6834	12.9929
-7.60648	-13.4268	13.8392
-8.77055	-15.3126	15.1437
-10.079	-17.2615	17.022
-11.5155	-19.1292	19.5937
-13.0382	-20.6826	22.9544
-14.5671	-21.5847	27.1234
-15.9706	-21.4084	31.9654
-17.0582	-19.7136	37.0986
-17.5893	-16.2152	41.8456
-17.3144	-11.0202	45.3181
-16.0556	-4.80277	46.7173
-13.805	1.30365	45.768
-10.7833	6.18333	42.9671
-7.38998	9.28756	39.342
-4.05447	10.7781	35.871
-1.08795	11.2008	33.0839
1.36981	11.0874	31.0757
3.31334	10.7814	29.7221
4.80696	10.4517	28.8514
5.9359	10.1608	28.3175
6.78088	9.9199	28.0135
7.40868	9.71967	27.8647
7.87088	9.54532	27.8188
8.20577	9.38294	27.8377
8.4412	9.22191	27.8929
8.59735	9.05555	27.9622
8.68899	8.88094	28.028
8.72738	8.69846	28.0765
8.72159	8.51115	28.0973
8.6795	8.32394	28.0834
8.60839	8.14298	28.0306
8.51531	7.97485	27.9376
8.40722	7.82598	27.8058
8.29097	7.70213	27.6387
8.1732	7.608	27.4418
8.06016	7.54709	27.2219
7.95755	7.52158	26.9866
7.87035	7.53243	26.7444
7.80277	7.57942	26.5037
7.7581	7.66134	26.273
7.73875	7.77608	26.0605
7.74621	7.92074	25.8742
7.78112	8.09167	25.7213
7.84323	8.28445	25.6088
7.93147	8.49387	25.5425
8.04395	8.71382	25.5276
8.17793	8.9373	25.568
8.3298	9.15633	25.6661
8.49511	9.36201	25.8227
8.66849	9.5447	26.0361
8.84373	9.69429	26.3023
9.01384	9.80068	26.6142
9.17121	9.8545	26.9616
9.30787	9.84789	27.3312
9.41587	9.77543	27.7068
9.48778	9.63514	28.07
9.51726	9.42916	28.4012
9.49964	9.16421	28.6813
9.43255	8.85148	28.8928
9.31634	8.50604	29.0216
9.15428	8.14555	29.0587
8.95253	7.78881	29.0003
8.71979	7.45393	28.8482
8.46662	7.15693	28.6095
8.20468	6.91058	28.2956
7.94586	6.72386	27.9205
7.70146	6.60202	27.4999
7.48157	6.54701	27.0502
7.29466	6.55819	26.5871
7.14737	6.63316	26.1259
7.04453	6.76839	25.6808
6.9893	6.95978	25.2647
6.98339	7.20294	24.8901
7.0273	7.49322	24.5687
7.12049	7.82562	24.3115
7.26151	8.19438	24.1293
7.44809	8.59263	24.0325
7.677	9.01179	24.0307
7.94395	9.44099	24.1328
8.24336	9.86659	24.3457
8.56801	10.2717	24.6739
8.90875	10.6363	25.1181
9.25425	10.937	25.6736
9.59081	11.1489	26.3286
9.90242	11.2465	27.063
10.1712	11.2071	27.847
10.3784	11.0141	28.6416
10.5055	10.6607	29.4002
10.5366	10.1532	30.0721
10.4599	9.51351	30.6079
10.2706	8.77768	30.9657
9.97203	7.99294	31.1172
9.57621	7.21138	31.0517
9.10325	6.48267	30.7768
8.57913	5.84746	30.3156
8.0328	5.33319	29.7021
7.49288	4.95306	28.9748
6.98491	4.70792	28.1718
6.52951	4.58977	27.3269
6.14156	4.58586	26.4689
5.83042	4.68222	25.6205
5.60078	4.86604	24.8001
5.45383	5.12716	24.0225
5.3885	5.45848	23.3005
5.4025	5.85577	22.6461
5.49315	6.31714	22.071
5.65795	6.84218	21.5879
5.89479	7.43092	21.2108
6.20202	8.08272	20.9556
6.57816	8.79485	20.8406
7.0215	9.56087	20.8862
7.52937	10.3686	21.1149
8.09723	11.1981	21.5501
8.7174	12.0186	22.2143
9.37765	12.787	23.1249
10.0595	13.4456	24.2898
10.7367	13.9231	25.6995
11.374	14.1387	27.3186
11.9269	14.0109	29.0779
12.3437	13.4735	30.8692
12.5697	12.4957	32.5492
12.5549	11.1022	33.9545
12.2644	9.38497	34.9314
11.6885	7.49709	35.3704
10.8502	5.62418	35.2366
9.805	3.94133	34.5777
8.63227	2.57261	33.5065
7.42034	1.57049	32.1636
6.25037	0.921168	30.6813
5.18453	0.567562	29.1601
4.26113	0.435917	27.6638
3.49609	0.455853	26.2255
2.88804	0.570811	24.8587
2.4246	0.740839	23.5659
2.08784	0.941042	22.3449
1.85848	1.15836	21.1925
1.71846	1.38822	20.1053
1.65241	1.63179	19.0807
1.64829	1.89392	18.117
1.69742	2.18185	17.2132
1.7943	2.5044	16.3692
1.93632	2.8717	15.5861
2.1234	3.29501	14.866
2.35772	3.78688	14.2131
2.64355	4.36125	13.6337
2.98709	5.03359	13.1371
3.39639	5.82086	12.7372
3.88128	6.74121	12.4533
4.45327	7.81321	12.3124
5.12526	9.05417	12.3516
5.91104	10.4771	12.621
6.82426	12.0857	13.1864
7.87655	13.8658	14.1327
9.0744	15.773	15.5632
10.4141	17.7147	17.5958
11.8742	19.5274	20.347
13.4049	20.9543	23.8993
14.9148	21.6346	28.2425
16.2587	21.1296	33.1897
17.2329	19.0194	38.2904
17.5902	15.0924	42.8035
17.0906	9.58258	45.8302
15.589	3.29634	46.6614
13.1305	-2.58783	45.2005
9.98683	-7.05309	42.1102
6.57884	-9.73035	38.4556
3.317	-10.9115	35.1243
0.471313	-11.1659	32.5271
-1.85612	-10.9852	30.6871
-3.68194	-10.6658	29.4583
-5.0787	-10.3451	28.6726
-6.13197	-10.0698	28.1942
-6.91954	-9.84463	27.9254
-7.50456	-9.65806	27.7985
-7.93526	-9.49514	27.7655
-8.24724	-9.34246	27.7916
-8.46628	-9.18999	27.8504
-8.61102	-9.03153	27.9211
-8.69512	-8.86448	27.9874
-8.72899	-8.68939	28.0363
-8.72107	-8.50926	28.058
-8.67871	-8.32896	28.0458
-8.60876	-8.15444	27.9957
-8.5179	-7.99209	27.9066
-8.41273	-7.84816	27.7797
-8.29982	-7.72826	27.6187
-8.18551	-7.63699	27.4285
-8.0758	-7.57781	27.2159
-7.97621	-7.5529	26.9883
-7.89154	-7.56322	26.7538
-7.82588	-7.60864	26.5207
-7.78243	-7.68801	26.2971
-7.76355	-7.7993	26.0912
-7.7707	-7.93969	25.9107
-7.8045	-8.1056	25.7627
-7.86472	-8.2927	25.6539
-7.95031	-8.49587	25.5901
-8.05943	-8.70914	25.5762
-8.18937	-8.92564	25.616
-8.33662	-9.13761	25.7117
-8.49682	-9.33639	25.8639
-8.66473	-9.51266	26.0711
-8.83432	-9.65668	26.3291
-8.99879	-9.75876	26.6311
-9.15078	-9.80995	26.9671
-9.28262	-9.80278	27.3243
-9.38665	-9.73217	27.6869
-9.45575	-9.59631	28.0373
-9.48387	-9.39733	28.3568
-9.46656	-9.14171	28.6269
-9.40159	-8.84019	28.8309
-9.28931	-8.50715	28.9555
-9.13288	-8.15948	28.9917
-8.9382	-7.81514	28.9359
-8.71359	-7.49154	28.7897
-8.46918	-7.20408	28.5598
-8.21616	-6.96517	28.2569
-7.96596	-6.78366	27.8944
-7.7295	-6.66481	27.4875
-7.51656	-6.61075	27.0518
-7.3354	-6.62108	26.6028
-7.19254	-6.69364	26.1554
-7.09276	-6.82512	25.7233
-7.03923	-7.01158	25.3196
-7.0337	-7.24871	24.9563
-7.0767	-7.5319	24.645
-7.16774	-7.85611	24.3966
-7.30541	-8.21555	24.2217
-7.48744	-8.60328	24.1302
-7.71061	-9.01071	24.1316
-7.97063	-9.42705	24.2342
-8.26191	-9.83883	24.4445
-8.5773	-10.2296	24.7665
-8.90775	-10.5797	25.2005
-9.24213	-10.8668	25.7413
-9.56707	-11.067	26.377
-9.86706	-11.1562	27.0878
-10.1249	-11.1131	27.8447
-10.3225	-10.9223	28.6101
-10.4425	-10.5779	29.3391
-10.4696	-10.0866	29.9835
-10.393	-9.46958	30.4965
-10.2083	-8.76128	30.8383
-9.91889	-8.00656	30.9824
-9.53642	-7.2548	30.9183
-9.0801	-6.5531	30.653
-8.5747	-5.94024	30.2082
-8.04781	-5.44274	29.6159
-7.52679	-5.0738	28.9124
-7.03619	-4.83498	28.1342
-6.59595	-4.7194	27.3141
-6.22064	-4.7155	26.4799
-5.91961	-4.8103	25.6543
-5.69775	-4.99181	24.8556
-5.55656	-5.25029	24.0988
-5.49531	-5.57883	23.397
-5.51201	-5.97315	22.7623
-5.60424	-6.43109	22.2068
-5.76961	-6.9518	21.7433
-6.00605	-7.53474	21.3858
-6.31179	-8.17855	21.1503
-6.68514	-8.87966	21.0547
-7.12404	-9.63067	21.119
-7.62537	-10.4185	21.3649
-8.18399	-11.222	21.8143
-8.79159	-12.01	22.4877
-9.43528	-12.7391	23.4001
-10.096	-13.3523	24.556
-10.7473	-13.7807	25.9425
-11.354	-13.9473	27.521
-11.8726	-13.7771	29.2203
-12.2535	-13.2118	30.9333
-12.4452	-12.2287	32.5214
-12.4019	-10.8588	33.8307
-12.0933	-9.19534	34.7198
-11.5137	-7.38616	35.0921
-10.6882	-5.60531	34.9214
-9.67161	-4.01367	34.2571
-8.54002	-2.72307	33.2064
-7.37663	-1.77935	31.9005
-6.25717	-1.16831	30.4617
-5.2394	-0.836886	28.9832
-4.3589	-0.717116	27.5252
-3.63054	-0.744168	26.1197
-3.05327	-0.865816	24.7807
-2.61578	-1.04509	23.5119
-2.30164	-1.25899	22.3126
-2.09311	-1.49561	21.1806
-1.97361	-1.75118	20.1135
-1.92912	-2.02745	19.1099
-1.94879	-2.3299	18.169
-2.02501	-2.66648	17.2908
-2.1533	-3.04687	16.4766
-2.33202	-3.4822	15.729
-2.56205	-3.98488	15.0526
-2.84662	-4.56862	14.454
-3.19102	-5.24846	13.9432
-3.60251	-6.0406	13.5345
-4.09013	-6.96203	13.2479
-4.66451	-8.02955	13.1109
-5.33752	-9.25797	13.1607
-6.12161	-10.6569	13.4471
-7.02867	-12.2255	14.0346
-8.06804	-13.9442	15.0047
-9.24326	-15.7622	16.4545
-10.5471	-17.5813	18.4908
-11.9539	-19.2356	21.2133
-13.4102	-20.4734	24.6807
-14.8229	-20.9542	28.8555
-16.0491	-20.2815	33.5285
-16.8956	-18.1013	38.2504
-17.1368	-14.2756	42.327
-16.5645	-9.07968	44.9623
-15.0676	-3.27863	45.5723
-12.7098	2.08239	44.1298
-9.75134	6.14087	41.2469
-6.5729	8.60155	37.8494
-3.53801	9.72431	34.7001
-0.885544	10.0039	32.1613
1.29235	9.87754	30.2689
3.00939	9.62135	28.9098
4.33178	9.37416	27.947
5.34026	9.19127	27.2687
6.11046	9.08555	26.796
6.70548	9.05098	26.4772
7.17458	9.07417	26.2789
7.5545	9.13965	26.1795
7.87153	9.23192	26.1641
8.14361	9.3363	26.2221
8.38214	9.43915	26.3442
8.59355	9.52795	26.5216
8.78043	9.59148	26.7447
8.94264	9.6201	27.0026
9.07813	9.60607	27.2831
9.18372	9.54412	27.5721
9.2558	9.43183	27.8546
9.291	9.27011	28.115
9.28683	9.06334	28.3381
9.24213	8.81928	28.5101
9.15756	8.5486	28.6198
9.03577	8.26411	28.6591
8.88144	7.97973	28.624
8.70109	7.70929	28.5148
8.50273	7.46551	28.3356
8.29529	7.25912	28.094
8.08805	7.09835	27.7999
7.89011	6.98875	27.4655
7.70984	6.93331	27.1035
7.55454	6.93288	26.7271
7.4302	6.98655	26.3491
7.34147	7.09214	25.9821
7.29161	7.24659	25.6377
7.2826	7.44615	25.3272
7.31531	7.68654	25.0609
7.38956	7.96281	24.8489
7.50421	8.26926	24.7005
7.65722	8.59908	24.6242
7.84559	8.94408	24.6278
8.06529	9.29433	24.7178
8.3111	9.63789	24.8987
8.57645	9.96063	25.1728
8.85329	10.2464	25.5388
9.13191	10.4772	25.991
9.40097	10.6346	26.5184
9.6477	10.7005	27.1036
9.85826	10.6595	27.7227
10.0185	10.5009	28.3459
10.115	10.2216	28.9382
10.1363	9.82739	29.4626
10.0745	9.33433	29.8835
9.92648	8.76812	30.1705
9.69481	8.16185	30.3022
9.38822	7.55223	30.2686
9.02102	6.97522	30.0723
8.61186	6.46182	29.7269
8.18185	6.03515	29.2545
7.75251	5.70916	28.6818
7.34384	5.48927	28.0373
6.97293	5.374	27.3482
6.65314	5.35742	26.6391
6.394	5.43135	25.9312
6.20147	5.58728	25.2428
6.07863	5.81751	24.5895
6.02641	6.11578	23.9853
6.04428	6.47735	23.4432
6.13089	6.89865	22.9759
6.28444	7.37672	22.5964
6.5029	7.90835	22.3185
6.78399	8.48911	22.1567
7.12501	9.11215	22.1268
7.52244	9.76684	22.2452
7.97132	10.4373	22.5282
8.46452	11.1009	22.9907
8.99179	11.7269	23.6438
9.53882	12.2758	24.4917
10.0862	12.6996	25.5274
10.6089	12.9444	26.7278
11.076	12.9554	28.0488
11.4519	12.6855	29.4227
11.6986	12.1059	30.759
11.7801	11.2183	31.9509
11.6677	10.0631	32.8899
11.3468	8.72074	33.4841
10.8216	7.30179	33.6773
10.1176	5.92701	33.4615
9.2795	4.70332	32.8762
8.36426	3.70427	31.9957
7.43227	2.96176	30.909
6.53816	2.47012	29.7007
5.72456	2.19833	28.4397
5.01931	2.10402	27.1746
4.43625	2.1448	25.9365
3.97796	2.28498	24.7435
3.63936	2.49837	23.6057
3.41116	2.76825	22.5285
3.28258	3.08617	21.5159
3.2433	3.45014	20.571
3.28467	3.86302	19.6977
3.40034	4.33117	18.9009
3.58651	4.86335	18.1874
3.84187	5.46994	17.5662
4.16749	6.16225	17.0497
4.56644	6.95171	16.654
5.04349	7.84889	16.4007
5.60457	8.86194	16.3177
6.25605	9.99419	16.4407
7.00368	11.2406	16.8144
7.85106	12.5826	17.4921
8.79737	13.9809	18.535
9.83408	15.3666	20.0063
10.9406	16.6315	21.9617
12.0788	17.6201	24.4296
13.1871	18.1303	27.3832
14.1757	17.9303	30.7045
14.9266	16.805	34.1504
15.3023	14.6328	37.3459
15.1684	11.4798	39.8324
14.4307	7.66067	41.1906
13.0767	3.70046	41.2048
11.2014	0.172956	39.975
8.99574	-2.51324	37.8817
6.69394	-4.24085	35.4092
4.50698	-5.14796	32.9529
2.57599	-5.49146	30.7314
0.962503	-5.52236	28.8095
-0.334468	-5.42749	27.1667
-1.35307	-5.32452	25.7541
-2.14736	-5.2788	24.5246
-2.77365	-5.32248	23.4434
-3.28342	-5.4688	22.4883
-3.72049	-5.72137	21.6481
-4.12067	-6.07959	20.9192
-4.51245	-6.54155	20.3046
-4.91827	-7.10523	19.812
-5.35566	-7.76853	19.4543
-5.83824	-8.52852	19.2488
-6.37629	-9.37978	19.2181
-6.97699	-10.3121	19.3893
-7.64401	-11.3074	19.7941
-8.37669	-12.3358	20.4671
-9.16851	-13.3511	21.4422
-10.005	-14.2866	22.7468
-10.8613	-15.052	24.3924
-11.6995	-15.5346	26.3611
-12.4665	-15.6074	28.5902
-13.0947	-15.1481	30.9567
-13.5054	-14.0708	33.2729
-13.6184	-12.3651	35.299
-13.3678	-10.1298	36.7842
-12.7202	-7.57871	37.5307
-11.6919	-5.00249	37.4571
-10.354	-2.69102	36.6292
-8.82141	-0.850271	35.2329
-7.22719	0.442815	33.5038
-5.69319	1.22949	31.6529
-4.30865	1.62084	29.8248
-3.12275	1.74567	28.0944
-2.14907	1.71665	26.487
-1.37592	1.61729	25.0006
-0.777282	1.5024	23.6227
-0.321345	1.40431	22.3395
0.0237856	1.33984	21.139
0.286997	1.31631	20.0123
0.492859	1.33583	18.9525
0.661454	1.3983	17.9549
0.808823	1.50322	17.0158
0.947703	1.65084	16.1326
1.08833	1.84276	15.3035
1.23922	2.08227	14.5274
1.40783	2.37453	13.8042
1.60117	2.72674	13.1348
1.82628	3.14824	12.5216
2.09067	3.65063	11.9688
2.40267	4.24794	11.4831
2.77172	4.95668	11.0748
3.20871	5.79578	10.7589
3.72613	6.7863	10.5571
4.33816	7.95046	10.4997
5.06062	9.30983	10.6296
5.91046	10.8817	11.0049
6.90472	12.6731	11.7043
8.05839	14.67	12.8302
9.38071	16.8215	14.5102
10.8689	19.0159	16.8923
12.4983	21.0501	20.125
14.2086	22.5976	24.3135
15.8864	23.1933	29.4384
17.3478	22.2724	35.2375
18.3327	19.3159	41.0857
18.5294	14.1316	45.9767
17.6498	7.18704	48.7616
15.5573	-0.28547	48.698
12.3887	-6.71984	46.012
8.567	-11.0483	41.893
4.64393	-13.2078	37.7657
1.07359	-13.8507	34.5248
-1.91126	-13.7137	32.3861
-4.27176	-13.2718	31.183
-6.07177	-12.7344	30.6538
-7.40431	-12.1575	30.5653
-8.35494	-11.5344	30.7355
-8.99084	-10.8466	31.0237
-9.362	-10.086	31.3195
-9.5068	-9.26274	31.5376
-9.45799	-8.40485	31.6168
-9.24736	-7.55259	31.5204
-8.90841	-6.75044	31.2362
-8.47681	-6.03885	30.773
-7.98922	-5.44795	30.1556
-7.48097	-4.99457	29.4178
-6.98369	-4.68256	28.5961
-6.52346	-4.50565	27.725
-6.1199	-4.45141	26.8342
-5.7862	-4.50508	25.9479
-5.52998	-4.65246	25.0853
-5.35447	-4.88177	24.262
-5.25993	-5.18444	23.4908
-5.24483	-5.55511	22.7834
-5.30689	-5.99121	22.151
-5.44375	-6.49219	21.6055
-5.65344	-7.05855	21.16
-5.93446	-7.69077	20.8296
-6.28572	-8.38801	20.6315
-6.70618	-9.14657	20.5856
-7.19426	-9.95808	20.7145
-7.74702	-10.8072	21.0426
-8.35906	-11.669	21.5948
-9.02106	-12.5065	22.3939
-9.71814	-13.2678	23.456
-10.4281	-13.8857	24.7838
-11.1196	-14.2787	26.358
-11.7514	-14.3583	28.1277
-12.2728	-14.0412	30.0022
-12.6265	-13.2689	31.8485
-12.755	-12.0316	33.5007
-12.6103	-10.3878	34.7833
-12.1658	-8.46923	35.548
-11.4265	-6.46329	35.7128
-10.4338	-4.57141	35.2852
-9.26135	-2.95973	34.3573
-8.00103	-1.723	33.0731
-6.74542	-0.876735	31.5849
-5.57168	-0.375563	30.0187
-4.53246	-0.143104	28.4595
-3.65459	-0.0985858	26.9547
-2.94339	-0.17302	25.5243
-2.38931	-0.315299	24.1732
-1.97451	-0.491863	22.899
-1.67798	-0.683465	21.6971
-1.47908	-0.881318	20.5629
-1.35953	-1.08369	19.4923
-1.30436	-1.29335	18.4822
-1.30216	-1.51577	17.5302
-1.34488	-1.75813	16.6347
-1.42753	-2.02866	15.7948
-1.54776	-2.33655	15.0104
-1.70552	-2.69192	14.2821
-1.9028	-3.106	13.6122
-2.14344	-3.59142	13.0045
-2.43303	-4.16243	12.4648
-2.77891	-4.83514	12.0026
-3.19016	-5.62754	11.6312
-3.67763	-6.55937	11.3699
-4.25398	-7.65137	11.246
-4.93346	-8.92377	11.2972
-5.73152	-10.3934	11.5752
-6.66389	-12.0683	12.1492
-7.74476	-13.9395	13.1097
-8.9837	-15.9671	14.5697
-10.3804	-18.0609	16.6615
-11.9165	-20.0536	19.5224
-13.5439	-21.673	23.2606
-15.1697	-22.5233	27.8908
-16.6404	-22.106	33.2367
-17.7336	-19.921	38.8212
-18.171	-15.6847	43.8161
-17.6738	-9.62306	47.1794
-16.0636	-2.65115	48.0647
-13.3811	3.8481	46.353
-9.93529	8.68281	42.851
-6.21167	11.4601	38.8403
-2.67731	12.5776	35.3451
0.373683	12.7194	32.7865
2.84283	12.4292	31.1329
4.76011	12.0025	30.1792
6.20859	11.555	29.7123
7.27787	11.1113	29.5625
8.04456	10.6616	29.6031
8.56797	10.1905	29.7397
8.89247	9.68855	29.8998
9.05169	9.15691	30.0282
9.07273	8.60659	30.0844
8.9795	8.05623	30.0416
8.79485	7.52845	29.8862
8.54157	7.0461	29.6165
8.24248	6.62902	29.2407
7.91978	6.29192	28.774
7.59421	6.04349	28.236
7.28407	5.88678	27.648
7.00461	5.82033	27.031
6.76775	5.83967	26.4047
6.58214	5.93881	25.7869
6.45347	6.11137	25.1934
6.38505	6.35139	24.6385
6.37832	6.65362	24.1356
6.43338	7.01352	23.6971
6.54941	7.42689	23.3357
6.7249	7.88933	23.0639
6.95779	8.39543	22.895
7.24532	8.93791	22.8422
7.58384	9.50656	22.9191
7.96838	10.0871	23.1387
8.39212	10.6601	23.5122
8.84571	11.2001	24.0474
9.3166	11.6754	24.7463
9.78836	12.0482	25.602
10.2403	12.2766	26.5952
10.6476	12.3188	27.6911
10.9818	12.1382	28.8376
11.2131	11.7115	29.9656
11.3128	11.0365	30.9939
11.2575	10.1383	31.8379
11.0337	9.07147	32.4225
10.6412	7.91411	32.6952
10.0958	6.75657	32.6358
9.42797	5.68541	32.2594
8.67945	4.76854	31.611
7.89727	4.04635	30.7528
7.12709	3.53062	29.7518
6.40779	3.21031	28.6683
5.7683	3.06046	27.5507
5.22673	3.05108	26.4344
4.7916	3.15372	25.3435
4.46402	3.34522	24.2941
4.24026	3.60918	23.2971
4.11405	3.93583	22.3606
4.0784	4.32112	21.4919
4.12695	4.76555	20.6981
4.25467	5.27293	19.9876
4.45832	5.84927	19.3703
4.73651	6.50177	18.8588
5.08956	7.23768	18.4689
5.51919	8.06312	18.2206
6.02797	8.98134	18.1389
6.61865	9.99057	18.2542
7.29303	11.0808	18.6032
8.05059	12.2298	19.2273
8.88644	13.3978	20.1709
9.7887	14.5213	21.4763
10.7352	15.508	23.1738
11.6898	16.234	25.2675
12.5986	16.5482	27.7154
13.3885	16.289	30.4069
13.9686	15.3187	33.1469
14.2386	13.5744	35.6587
14.1058	11.1219	37.6225
13.509	8.18484	38.7536
12.4442	5.11572	38.8982
10.9785	2.30103	38.0968
9.243	0.0380535	36.5702
7.40201	-1.547	34.6268
5.61221	-2.4971	32.5511
3.99035	-2.95799	30.5347
2.60068	-3.10112	28.6701
1.46032	-3.07395	26.9798
0.553467	-2.98267	25.4511
-0.153761	-2.8948	24.0607
-0.70197	-2.84902	22.7863
-1.13138	-2.86524	21.6111
-1.47815	-2.9525	20.5233
-1.77302	-3.11449	19.516
-2.04131	-3.35304	18.5856
-2.30366	-3.67034	17.7313
-2.577	-4.07004	16.9547
-2.87561	-4.55792	16.2602
-3.21207	-5.14194	15.6551
-3.59804	-5.83215	15.1505
-4.04486	-6.64017	14.7622
-4.56392	-7.57827	14.512
-5.16679	-8.65786	14.4298
-5.86501	-9.887	14.5549
-6.6694	-11.2664	14.9384
-7.5888	-12.7833	15.6444
-8.6277	-14.4029	16.7503
-9.78275	-16.056	18.3422
-11.0374	-17.6245	20.5054
-12.3548	-18.9265	23.3024
-13.6692	-19.7087	26.7362
-14.8771	-19.66	30.6983
-15.8337	-18.464	34.9107
-16.3597	-15.9062	38.8959
-16.269	-12.023	42.0259
-15.4198	-7.21884	43.6965
-13.7796	-2.23371	43.5923
-11.4704	2.10809	41.883
-8.75473	5.25081	39.1656
-5.95363	7.10083	36.1574
-3.34274	7.93013	33.3835
-1.08816	8.13144	31.0729
0.755759	8.03569	29.2387
2.21174	7.85625	27.8007
3.34065	7.70794	26.6656
4.2141	7.64294	25.7584
4.89987	7.67901	25.0288
5.4557	7.8166	24.4464
5.92788	8.04802	23.9955
6.35191	8.36182	23.6699
6.75389	8.74467	23.4698
7.15205	9.18171	23.3993
7.55798	9.65617	23.4647
7.97762	10.1486	23.6728
8.41181	10.636	24.0295
8.85666	11.0913	24.5373
9.30358	11.4828	25.1933
9.73943	11.7754	25.9863
10.1466	11.9322	26.8941
10.5037	11.9179	27.8811
10.7866	11.7046	28.8978
10.9702	11.2768	29.8816
11.0315	10.6384	30.7621
10.9529	9.81624	31.4686
10.7256	8.86009	31.9406
10.3525	7.83758	32.1377
9.84948	6.82412	32.0465
9.24441	5.89053	31.6816
8.57364	5.09204	31.081
7.87732	4.46189	30.2965
7.19423	4.01085	29.3836
6.55756	3.73155	28.3936
5.99236	3.6053	27.3687
5.51494	3.60886	26.3411
5.13373	3.71965	25.3343
4.85091	3.91896	24.365
4.66452	4.19324	23.4458
4.57027	4.53424	22.5865
4.56306	4.93837	21.7964
4.63812	5.40576	21.0846
4.79165	5.93913	20.4615
5.02115	6.54279	19.9394
5.32548	7.2214	19.533
5.70466	7.97879	19.2604
6.15949	8.81634	19.1435
6.69086	9.73104	19.2086
7.29889	10.7129	19.4863
7.98169	11.7414	20.0109
8.73363	12.7819	20.818
9.54329	13.7808	21.9403
10.3908	14.6617	23.4005
11.245	15.3244	25.1994
12.0609	15.6477	27.3019
12.7782	15.5032	29.6203
13.3232	14.779	32.0026
13.6144	13.4169	34.2339
13.5749	11.4512	36.0613
13.1502	9.03352	37.247
12.3268	6.42085	37.6364
11.1456	3.91672	37.2121
9.69985	1.7849	36.1005
8.11686	0.177729	34.5214
6.52903	-0.884494	32.7091
5.04633	-1.48172	30.8491
3.74072	-1.73964	29.0543
2.64465	-1.78373	27.3746
1.75897	-1.71497	25.8203
1.06418	-1.60399	24.3829
0.530547	-1.49493	23.0483
0.125452	-1.41249	21.8032
-0.182135	-1.36869	20.6368
-0.419446	-1.36814	19.5412
-0.609184	-1.41173	18.5104
-0.769694	-1.49912	17.5404
-0.915578	-1.63015	16.628
-1.05849	-1.80578	15.771
-1.20795	-2.02855	14.9681
-1.37207	-2.30282	14.2188
-1.55822	-2.63494	13.5237
-1.77356	-3.03338	12.8846
-2.02553	-3.50888	12.305
-2.3222	-4.07452	11.7909
-2.67266	-4.74584	11.3512
-3.0873	-5.54086	10.9995
-3.57801	-6.47975	10.755
-4.15836	-7.58421	10.6451
-4.84353	-8.87588	10.7081
-5.65	-10.3734	10.9968
-6.59469	-12.0873	11.5825
-7.69321	-14.0109	12.559
-8.95676	-16.1065	14.045
-10.3867	-18.2842	16.1812
-11.9662	-20.3737	19.1165
-13.6477	-22.0923	22.9728
-15.3366	-23.0226	27.7778
-16.8738	-22.6303	33.3581
-18.0251	-20.3695	39.2162
-18.494	-15.9186	44.468
-17.9789	-9.50908	47.9843
-16.285	-2.13297	48.8444
-13.4546	4.6987	46.9341
-9.82391	9.69972	43.1665
-5.91918	12.4856	38.9585
-2.23822	13.5332	35.4027
0.916065	13.5939	32.9087
3.45164	13.2321	31.4026
5.40773	12.7326	30.6413
6.8727	12.1923	30.3842
7.93661	11.6207	30.4396
8.67343	11.0011	30.6607
9.13896	10.3195	30.9338
9.37506	9.57686	31.1702
9.41542	8.79091	31.3034
9.29052	7.99302	31.2893
9.03102	7.22197	31.1057
8.66921	6.51657	30.7512
8.23868	5.90922	30.241
7.77279	5.42178	29.6018
7.30259	5.06432	28.8659
6.85493	4.83657	28.0661
6.45126	4.73078	27.2323
6.10716	4.73522	26.3903
5.83278	4.83713	25.5612
5.63365	5.02489	24.7622
5.51189	5.2892	24.0077
5.46735	5.62352	23.3104
5.49859	6.02384	22.6821
5.60364	6.48819	22.1348
5.78055	7.01575	21.6814
6.02759	7.60593	21.3362
6.34326	8.25714	21.1152
6.72603	8.96545	21.0366
7.17392	9.72286	21.1207
7.68371	10.5154	21.3892
8.25005	11.321	21.8644
8.86425	12.107	22.5663
9.5128	12.8282	23.5092
10.1759	13.426	24.696
10.8259	13.8299	26.1113
11.4267	13.9623	27.7131
11.9338	13.7486	29.4259
12.2968	13.1333	31.138
12.4641	12.0989	32.7072
12.391	10.6835	33.9789
12.0495	8.9881	34.8142
11.4372	7.16617	35.1235
10.583	5.39338	34.8895
9.54509	3.82728	34.1703
8.40153	2.57282	33.0785
7.23579	1.66802	31.7466
6.12223	1.09246	30.2949
5.11628	0.789619	28.8129
4.25095	0.690646	27.357
3.53889	0.731499	25.9567
2.97741	0.861489	24.6241
2.55423	1.04529	23.3621
2.25244	1.26131	22.1695
2.05421	1.49873	21.044
1.94312	1.75454	19.9832
1.9054	2.031	18.9856
1.93052	2.3339	18.0505
2.0112	2.67138	17.1779
2.14323	3.05326	16.3692
2.32524	3.49075	15.627
2.55834	3.99633	14.9559
2.84594	4.58383	14.3628
3.19352	5.26837	13.8577
3.60849	6.06628	13.4551
4.10005	6.99466	13.1753
4.67897	8.07041	13.0462
5.35726	9.30837	13.1056
6.14748	10.7181	13.404
7.0616	12.2983	14.0069
8.10893	14.0286	14.9967
9.29287	15.8569	16.4721
10.6057	17.6823	18.5407
12.021	19.3351	21.3025
13.4838	20.5586	24.8149
14.8988	21.0064	29.0356
16.1203	20.2777	33.7464
16.9518	18.0194	38.4842
17.1653	14.1045	42.541
16.5531	8.83043	45.1143
15.0086	2.98791	45.6316
12.6045	-2.36437	44.0948
9.6107	-6.37442	41.1471
6.41368	-8.77398	37.7273
3.37614	-9.84626	34.5897
0.731663	-10.0943	32.0801
-1.43353	-9.95211	30.2214
-3.13724	-9.68938	28.895
-4.44767	-9.43944	27.9619
-5.44602	-9.25404	27.3102
-6.20763	-9.14409	26.8616
-6.79492	-9.10254	26.5643
-7.25644	-9.1156	26.3845
-7.62828	-9.16774	26.3003
-7.93617	-9.2437	26.2963
-8.19768	-9.32925	26.361
-8.42399	-9.41138	26.4847
-8.62147	-9.47845	26.6578
-8.79286	-9.52033	26.8704
-8.93836	-9.52857	27.1115
-9.0564	-9.49683	27.369
-9.14449	-9.42119	27.6294
-9.19983	-9.30054	27.8789
-9.21997	-9.13681	28.1033
-9.20334	-8.93503	28.2893
-9.14968	-8.70308	28.4252
-9.06036	-8.45122	28.5018
-8.93853	-8.19128	28.5131
-8.78908	-7.93573	28.4567
-8.61841	-7.69673	28.334
-8.43407	-7.48522	28.1495
-8.2443	-7.31029	27.9108
-8.0575	-7.17879	27.6276
-7.88176	-7.09522	27.311
-7.72445	-7.06193	26.9729
-7.59195	-7.07937	26.6253
-7.48943	-7.14651	26.2802
-7.42085	-7.26118	25.9491
-7.38891	-7.42035	25.6428
-7.3952	-7.62028	25.3718
-7.44022	-7.85661	25.1457
-7.52349	-8.12421	24.9737
-7.64364	-8.4171	24.8642
-7.79833	-8.72814	24.8248
-7.98429	-9.04879	24.8621
-8.19719	-9.36889	24.9811
-8.43153	-9.67644	25.1848
-8.68051	-9.95764	25.4733
-8.93594	-10.1971	25.8435
-9.18818	-10.3786	26.2876
-9.42627	-10.4857	26.7928
-9.63816	-10.5036	27.3407
-9.81124	-10.4206	27.9072
-9.93311	-10.2304	28.4636
-9.99257	-9.93369	28.9779
-9.9808	-9.53957	29.4177
-9.89255	-9.06578	29.753
-9.7272	-8.53763	29.9599
-9.48928	-7.9856	30.023
-9.18855	-7.44196	29.9373
-8.83923	-6.9371	29.7082
-8.4588	-6.49637	29.3502
-8.06632	-6.13802	28.8839
-7.68066	-5.87267	28.3336
-7.31906	-5.70397	27.7246
-6.99604	-5.6302	27.0809
-6.72287	-5.6462	26.4244
-6.50754	-5.74513	25.7743
-6.35506	-5.91991	25.1474
-6.26803	-6.16408	24.5586
-6.24724	-6.47222	24.0215
-6.29223	-6.83986	23.5491
-6.40176	-7.26319	23.1539
-6.57405	-7.7384	22.8489
-6.80692	-8.2609	22.6478
-7.09771	-8.82432	22.5645
-7.44304	-9.41943	22.6137
-7.83831	-10.0328	22.8099
-8.27722	-10.6458	23.1661
-8.75094	-11.2331	23.693
-9.24738	-11.7623	24.3953
-9.75036	-12.1937	25.2697
-10.239	-12.4823	26.2998
-10.6877	-12.5808	27.4533
-11.0663	-12.446	28.6783
-11.3422	-12.047	29.9034
-11.4832	-11.3743	31.0414
-11.4614	-10.4483	31.9981
-11.2588	-9.32286	32.6866
-10.8716	-8.0811	33.0426
-10.3135	-6.82307	33.0374
-9.61541	-5.64755	32.6828
-8.82184	-4.63406	32.0258
-7.98428	-3.83109	31.1353
-7.15364	-3.2538	30.0866
-6.37367	-2.89019	28.9475
-5.67698	-2.71161	27.772
-5.0839	-2.68326	26.5987
-4.60378	-2.77207	25.453
-4.23744	-2.95115	24.3507
-3.98018	-3.2014	23.3021
-3.82442	-3.51134	22.3142
-3.76181	-3.87602	21.3927
-3.78465	-4.29561	20.5433
-3.88684	-4.77411	19.7728
-4.0643	-5.31818	19.0894
-4.31507	-5.93613	18.5036
-4.63928	-6.63696	18.029
-5.03882	-7.42938	17.6833
-5.51693	-8.32047	17.4889
-6.07764	-9.31384	17.4742
-6.72488	-10.407	17.6744
-7.4613	-11.5876	18.1315
-8.28657	-12.8285	18.8936
-9.19496	-14.0812	20.0121
-10.1722	-15.2685	21.5343
-11.1915	-16.2786	23.4921
-12.2089	-16.962	25.8828
-13.1595	-17.1397	28.6441
-13.9555	-16.6274	31.6274
-14.4899	-15.2824	34.5815
-14.6484	-13.0695	37.166
-14.3326	-10.1227	39.0127
-13.4906	-6.76345	39.8338
-12.1452	-3.43527	39.5342
-10.4032	-0.564873	38.2601
-8.43555	1.58119	36.3371
-6.4322	2.95613	34.1324
-4.55454	3.6859	31.9317
-2.90645	3.97032	29.8929
-1.5311	4.00094	28.0678
-0.424689	3.923	26.4484
0.44485	3.83136	25.0045
1.12215	3.78139	23.705
1.654	3.80215	22.5256
2.08363	3.9072	21.45
2.44834	4.10202	20.4688
2.77908	4.38875	19.578
3.10101	4.76909	18.7778
3.43463	5.24567	18.0721
3.79684	5.82273	17.4686
4.20202	6.506	16.9791
4.66281	7.30208	16.6203
5.19067	8.21727	16.4148
5.79599	9.25562	16.3924
6.48791	10.416	16.5911
7.27354	11.6881	17.0578
8.15646	13.0461	17.8483
9.13439	14.4412	19.0246
10.1958	15.7921	20.6482
11.315	16.9754	22.7672
12.4471	17.8201	25.3945
13.5217	18.1123	28.4763
14.4398	17.6212	31.8558
15.0761	16.1553	35.2457
15.2919	13.6474	38.2371
14.963	10.2436	40.3717
14.0191	6.33631	41.2841
12.4826	2.48495	40.8588
10.483	-0.774975	39.3001
8.23144	-3.12866	37.0416
5.95942	-4.5546	34.551
3.85662	-5.2443	32.1654
2.03643	-5.46071	30.0454
0.537006	-5.4348	28.2206
-0.657354	-5.32847	26.6571
-1.59158	-5.23956	25.3055
-2.32117	-5.22054	24.1226
-2.90105	-5.29613	23.0784
-3.38006	-5.47576	22.1549
-3.7992	-5.76138	21.3434
-4.19164	-6.15195	20.6429
-4.5837	-6.64568	20.0577
-4.9961	-7.24087	19.5972
-5.44505	-7.93568	19.2755
-5.94317	-8.72707	19.1117
-6.49995	-9.60902	19.1297
-7.12177	-10.57	19.3586
-7.81141	-11.5894	19.8317
-8.56701	-12.6337	20.5846
-9.38035	-13.6516	21.6514
-10.2346	-14.5696	23.0578
-11.1016	-15.2898	24.8104
-11.9393	-15.6923	26.882
-12.6899	-15.6454	29.1954
-13.281	-15.0291	31.609
-13.6306	-13.7699	33.9152
-13.6584	-11.8819	35.8602
-13.3031	-9.49712	37.1935
-12.5419	-6.86113	37.7366
-11.4058	-4.28158	37.4451
-9.98094	-2.04139	36.4247
-8.39303	-0.318835	34.8895
-6.77819	0.844023	33.0823
-5.25375	1.51612	31.2035
-3.89977	1.8224	29.38
-2.75534	1.89358	27.6709
-1.82556	1.83758	26.0908
-1.09293	1.73112	24.6322
-0.52812	1.62288	23.2806
-0.0979204	1.54057	22.0218
0.229778	1.49805	20.8443
0.483433	1.50098	19.7395
0.686942	1.55083	18.7013
0.859719	1.64756	17.7252
1.01729	1.79128	16.8082
1.17209	1.98316	15.9482
1.3343	2.22601	15.1441
1.51264	2.52457	14.3958
1.71503	2.88564	13.7044
1.94915	3.31828	13.0725
2.22298	3.83383	12.5046
2.54515	4.44607	12.0082
2.92533	5.17118	11.5941
3.3745	6.02761	11.2783
3.90512	7.03561	11.0835
4.53122	8.21612	11.0419
5.2682	9.58861	11.1976
6.13228	11.1672	11.6107
7.13927	12.9539	12.3611
8.3022	14.9279	13.5514
9.62734	17.0284	15.3074
11.1076	19.1318	17.7698
12.7124	21.0218	21.0722
14.3743	22.3627	25.2931
15.972	22.6937	30.3731
17.3163	21.4818	36.0024
18.1494	18.2807	41.522
18.1757	13.0067	45.9432
17.1419	6.22403	48.221
14.9583	-0.832953	47.783
11.8001	-6.7347	44.9854
8.0931	-10.6086	40.9968
4.35277	-12.5001	37.0932
0.982193	-13.0417	34.0267
-1.82259	-12.8993	31.9557
-4.03792	-12.4971	30.7216
-5.72975	-12.0273	30.0924
-6.98927	-11.547	29.8657
-7.90082	-11.0553	29.887
-8.53171	-10.536	30.0399
-8.93257	-9.9772	30.2356
-9.1415	-9.37826	30.4055
-9.18885	-8.7509	30.4985
-9.10126	-8.11672	30.4801
-8.90435	-7.50295	30.3319
-8.62407	-6.9376	30.0504
-8.28678	-6.44519	29.6443
-7.91846	-6.04376	29.1315
-7.54352	-5.74369	28.535
-7.18355	-5.5481	27.8797
-6.85646	-5.45443	27.1898
-6.57606	-5.45644	26.4877
-6.35213	-5.54621	25.7926
-6.19095	-5.71571	25.1216
-6.0959	-5.9578	24.4895
-6.06828	-6.26663	23.9098
-6.10795	-6.63771	23.3952
-6.2139	-7.06748	22.9583
-6.38462	-7.5527	22.6122
-6.61823	-8.08964	22.3706
-6.91251	-8.67298	22.2483
-7.26461	-9.2947	22.2607
-7.67062	-9.94267	22.424
-8.12503	-10.5993	22.7533
-8.61988	-11.2399	23.2622
-9.14387	-11.8318	23.9593
-9.68147	-12.3342	24.8452
-10.212	-12.6983	25.9084
-10.7093	-12.8715	27.1201
-11.1417	-12.8026	28.4306
-11.4739	-12.4506	29.7672
-11.6692	-11.796	31.0367
-11.6946	-10.8514	32.1344
-11.5259	-9.66734	32.9587
-11.1542	-8.33093	33.4294
-10.5896	-6.9531	33.505
-9.86227	-5.64814	33.1906
-9.01945	-4.51134	32.5345
-8.11782	-3.60314	31.6132
-7.21489	-2.94445	30.5121
-6.3608	-2.52307	29.3097
-5.59325	-2.306	28.0675
-4.9358	-2.25233	26.8285
-4.39911	-2.32293	25.62
-3.98387	-2.48587	24.458
-3.68427	-2.71837	23.3516
-3.49109	-3.00652	22.3065
-3.39418	-3.34392	21.3267
-3.38413	-3.73005	20.4163
-3.45331	-4.16873	19.5799
-3.59639	-4.6669	18.8236
-3.81049	-5.2336	18.1553
-4.09512	-5.87919	17.5859
-4.45193	-6.61455	17.1295
-4.88446	-7.45016	16.8049
-5.3976	-8.3948	16.6364
-5.99704	-9.45362	16.6554
-6.68835	-10.6252	16.901
-7.47573	-11.8974	17.4209
-8.36007	-13.2412	18.2706
-9.33629	-14.6031	19.5101
-10.3897	-15.8964	21.1964
-11.491	-16.9922	23.369
-12.5912	-17.7166	26.0278
-13.6163	-17.8589	29.1012
-14.4648	-17.2019	32.4126
-15.0122	-15.5813	35.6604
-15.1261	-12.9697	38.4367
-14.6948	-9.55298	40.3103
-13.6664	-5.74397	40.968
-12.0819	-2.08456	40.3531
-10.0825	0.942103	38.7046
-7.87755	3.08183	36.4504
-5.68567	4.35156	34.0208
-3.67822	4.94918	31.7115
-1.95274	5.12323	29.6562
-0.537548	5.08545	27.8744
0.587051	4.98239	26.3331
1.46612	4.90231	24.9872
2.15336	4.89261	23.7983
2.70121	4.97572	22.7397
3.15611	5.16038	21.7958
3.55696	5.4488	20.9591
3.93533	5.84071	20.2289
4.31641	6.33554	19.6097
4.72023	6.93314	19.1108
5.16281	7.63366	18.7461
5.65698	8.43652	18.5345
6.21289	9.33871	18.5005
6.83806	10.3323	18.6742
7.53691	11.4011	19.0913
8.30974	12.5159	19.7917
9.15098	13.6298	20.8162
10.0467	14.672	22.2005
10.9718	15.5439	23.9646
11.8862	16.1185	26.0974
12.7327	16.2484	28.5373
13.4358	15.7866	31.153
13.906	14.6236	33.7336
14.0495	12.7365	36.0016
13.7869	10.2334	37.6604
13.0762	7.36501	38.4736
11.934	4.47862	38.3478
10.4429	1.91925	37.3715
8.73817	-0.0764458	35.7792
6.97525	-1.43444	33.8576
5.29331	-2.22292	31.8518
3.79006	-2.58623	29.9177
2.51481	-2.67987	28.126
1.47587	-2.63261	26.4912
0.654175	-2.53542	25.0006
0.0162556	-2.44547	23.6341
-0.47609	-2.39514	22.3728
-0.8599	-2.40082	21.2024
-1.16808	-2.46971	20.1129
-1.42841	-2.60457	19.0979
-1.66364	-2.8068	18.1537
-1.89227	-3.07827	17.2789
-2.12947	-3.42245	16.4739
-2.38807	-3.84489	15.741
-2.67943	-4.3535	15.0852
-3.01425	-4.95852	14.5139
-3.4031	-5.67235	14.0388
-3.85695	-6.50914	13.6761
-4.38739	-7.48389	13.4488
-5.00669	-8.61104	13.3882
-5.72756	-9.90195	13.5365
-6.56244	-11.3607	13.9488
-7.5221	-12.9777	14.6959
-8.61322	-14.7197	15.8645
-9.83451	-16.5158	17.5541
-11.1708	-18.2401	19.8664
-12.5846	-19.6924	22.8819
-14.0062	-20.5868	26.618
-15.3223	-20.5621	30.9652
-16.3703	-19.2422	35.6149
-16.9447	-16.3642	40.0155
-16.8286	-11.965	43.427
-15.8558	-6.53338	45.138
-13.9914	-0.967968	44.8025
-11.3867	3.75318	42.6839
-8.35871	7.02212	39.5527
-5.28254	8.81299	36.2693
-2.46343	9.51039	33.4038
-0.0686705	9.58642	31.1537
1.86235	9.39902	29.479
3.36968	9.15595	28.2569
4.52694	8.95552	27.3669
5.41265	8.83373	26.7182
6.09687	8.79582	26.2495
6.63666	8.83336	25.922
7.076	8.9325	25.712
7.4473	9.07765	25.6048
7.77337	9.25285	25.5913
8.06926	9.44226	25.665
8.34386	9.63026	25.82
8.60114	9.80144	26.05
8.8412	9.94086	26.3467
9.06113	10.0344	26.6994
9.25578	10.0694	27.0939
9.4185	10.0357	27.5129
9.54195	9.92679	27.9359
9.61892	9.74048	28.3404
9.64323	9.48018	28.7028
9.61062	9.15503	29.0004
9.5195	8.77964	29.2134
9.37153	8.37303	29.3269
9.17183	7.95686	29.3322
8.92884	7.55335	29.2274
8.65374	7.18311	29.0174
8.35961	6.86335	28.7131
8.06036	6.60687	28.3292
7.76966	6.42167	27.8834
7.50006	6.31135	27.3941
7.26232	6.27601	26.8798
7.06506	6.31319	26.3578
6.91468	6.41897	25.8441
6.81554	6.58873	25.3535
6.77018	6.81771	24.8994
6.77968	7.10119	24.4946
6.84399	7.43448	24.1511
6.96208	7.81263	23.8806
7.13219	8.22996	23.6949
7.35175	8.67946	23.6051
7.61729	9.15208	23.6223
7.92425	9.63596	23.7568
8.26659	10.1157	24.0169
8.63642	10.572	24.4084
9.02352	10.9809	24.9327
9.415	11.3148	25.5847
9.79496	11.5433	26.3508
10.1446	11.6355	27.2067
10.4428	11.5638	28.1165
10.667	11.3082	29.0321
10.7952	10.8618	29.8962
10.8086	10.2352	30.6468
10.6939	9.45832	31.2249
10.4468	8.57942	31.5825
10.0733	7.65932	31.6906
9.59051	6.7626	31.5436
9.02492	5.94765	31.1584
8.40947	5.25861	30.5701
7.7793	4.72117	29.8242
7.16767	4.34293	28.9681
6.60272	4.11729	28.0457
6.10564	4.02891	27.0936
5.69029	4.05901	26.1406
5.36404	4.18943	25.2084
5.12912	4.40513	24.3134
4.98432	4.69521	23.4686
4.9265	5.05302	22.685
4.9518	5.47565	21.973
5.05657	5.96303	21.3434
5.23786	6.51697	20.8081
5.49368	7.14003	20.381
5.82295	7.83435	20.0786
6.22523	8.60019	19.9201
6.70022	9.43417	19.9284
7.24701	10.3271	20.1298
7.86303	11.2613	20.553
8.54268	12.2072	21.2278
9.27558	13.1201	22.1813
10.0445	13.9371	23.4322
10.823	14.576	24.9823
11.5736	14.9377	26.8051
12.2464	14.9155	28.8331
12.7802	14.4131	30.9486
13.1068	13.3712	32.9821
13.1597	11.7978	34.7281
12.8873	9.79106	35.981
12.2681	7.53816	36.5857
11.3221	5.28081	36.484
10.1138	3.25406	35.734
8.74187	1.62458	34.4864
7.31841	0.458026	32.9311
5.94634	-0.272897	31.2419
4.70249	-0.652982	29.5432
3.6314	-0.785058	27.9061
2.7481	-0.762538	26.3608
2.04598	-0.657192	24.913
1.50534	-0.517728	23.5574
1.10073	-0.37362	22.2854
0.805859	-0.240343	21.0886
0.596618	-0.124144	19.96
0.452466	-0.0257251	18.894
0.356828	0.0571925	17.8861
0.296901	0.128227	16.9326
0.263166	0.191381	16.0303
0.248809	0.250554	15.1763
0.249158	0.309356	14.3682
0.261198	0.371098	13.6034
0.283178	0.438884	12.8798
0.314319	0.51574	12.1954
0.354603	0.604779	11.5482
0.404638	0.70936	10.9366
0.465583	0.833263	10.3591
0.539119	0.980864	9.81433
0.627468	1.15733	9.30147
0.733441	1.36884	8.81992
0.860521	1.62281	8.3696
1.01298	1.9282	7.95115
1.19602	2.29582	7.56615
1.41598	2.73869	7.21754
1.68052	3.27247	6.91017
1.99891	3.91586	6.65161
2.3823	4.69101	6.45341
2.84405	5.6238	6.33274
3.4	6.74378	6.31488
4.06875	8.08349	6.43666
4.8717	9.67654	6.75117
5.83267	11.5534	7.33393
6.97681	13.7331	8.29053
8.32806	16.2086	9.76462
9.90417	18.9217	11.9436
11.7077	21.7238	15.0547
13.7109	24.3205	19.3384
15.8328	26.2093	24.9762
17.9081	26.6426	31.9435
19.655	24.6973	39.7822
20.6635	19.5718	47.369
20.4451	11.1758	52.9311
18.5913	0.757846	54.6779
15.0246	-9.17683	52.0435
10.1843	-16.2182	46.5103
4.90381	-19.6641	40.7263
-0.00977574	-20.519	36.6257
-4.11161	-20.1069	34.6763
-7.31067	-19.1558	34.4804
-9.67969	-17.8251	35.4422
-11.3088	-16.0278	37.0028
-12.2526	-13.6711	38.6545
-12.5363	-10.7868	39.943
-12.1864	-7.57661	40.5172
-11.2644	-4.37428	40.2029
-9.8864	-1.53761	39.0443
-8.21664	0.676896	37.2659
-6.43793	2.18605	35.1672
-4.71314	3.06517	33.0101
-3.15748	3.47613	30.9606
-1.83075	3.59357	29.0899
-0.745889	3.56161	27.4069
0.11561	3.48153	25.892
0.788793	3.41677	24.5192
1.31439	3.40335	23.2654
1.73218	3.45974	22.114
2.07769	3.59446	21.0545
2.38105	3.81118	20.0809
2.66707	4.11207	19.1914
2.95607	4.49969	18.3872
3.2648	4.97802	17.6726
3.60744	5.5528	17.0551
3.99651	6.2314	16.5461
4.44349	7.02228	16.1618
4.95925	7.9339	15.9239
5.55418	8.97299	15.8615
6.23794	10.1419	16.0123
7.01874	11.4347	16.4236
7.90192	12.831	17.1528
8.88773	14.2886	18.2658
9.96791	15.7332	19.8315
11.121	17.047	21.9104
12.3062	18.0605	24.5334
13.457	18.5525	27.67
14.4761	18.2702	31.1875
15.2349	16.982	34.8138
15.5843	14.5662	38.1315
15.3807	11.117	40.6379
14.528	7.00706	41.8903
13.0238	2.83097	41.6921
10.9852	-0.792106	40.2059
8.62976	-3.45796	37.8876
6.21221	-5.09535	35.2701
3.9507	-5.89671	32.7559
1.98122	-6.15456	30.543
0.354065	-6.13223	28.6702
-0.943194	-6.01433	27.0977
-1.95742	-5.91107	25.7659
-2.74815	-5.88031	24.6232
-3.37458	-5.9483	23.6331
-3.88933	-6.12406	22.7742
-4.33627	-6.40808	22.0359
-4.75063	-6.79716	21.4164
-5.15994	-7.28674	20.92
-5.5853	-7.87165	20.5563
-6.04257	-8.54573	20.3392
-6.5432	-9.30063	20.2872
-7.09469	-10.1239	20.4224
-7.70054	-10.9967	20.7697
-8.35977	-11.8903	21.3556
-9.06587	-12.7634	22.2046
-9.80538	-13.5589	23.3346
-10.5561	-14.2027	24.7491
-11.2854	-14.605	26.4276
-11.9493	-14.6677	28.3146
-12.493	-14.2992	30.3099
-12.8542	-13.4361	32.2662
-12.9706	-12.0706	33.9995
-12.7906	-10.2728	35.3175
-12.287	-8.19546	36.0618
-11.4687	-6.05045	36.1524
-10.3851	-4.05947	35.6121
-9.11995	-2.39723	34.556
-7.77541	-1.15349	33.1502
-6.45102	-0.329511	31.5616
-5.22672	0.136599	29.9208
-4.15406	0.33466	28.3108
-3.25631	0.353787	26.7731
-2.53429	0.266805	25.3221
-1.97407	0.125739	23.9581
-1.55411	-0.0363564	22.6754
-1.25056	-0.201131	21.4671
-1.04067	-0.360503	20.3273
-0.90464	-0.51299	19.2506
-0.82631	-0.66103	18.2332
-0.793254	-0.809217	17.2717
-0.796447	-0.963238	16.3634
-0.829805	-1.12933	15.506
-0.88971	-1.3141	14.6978
-0.974588	-1.52452	13.9373
-1.08457	-1.76813	13.2237
-1.22129	-2.05329	12.5568
-1.38769	-2.38944	11.9372
-1.58804	-2.78745	11.3669
-1.82792	-3.25998	10.8492
-2.11433	-3.82179	10.3897
-2.45582	-4.49003	9.99723
-2.86267	-5.28447	9.68458
-3.34703	-6.2274	9.47062
-3.9231	-7.34322	9.38239
-4.60712	-8.65713	9.45816
-5.41712	-10.1925	9.75141
-6.37219	-11.9657	10.3356
-7.4909	-13.9776	11.3093
-8.78825	-16.1986	12.8003
-10.2703	-18.5462	14.9647
-11.9255	-20.8528	17.9761
-13.711	-22.8266	21.991
-15.5341	-24.0178	27.0777
-17.2308	-23.824	33.0954
-18.5495	-21.5916	39.5405
-19.1579	-16.8783	45.4419
-18.702	-9.85776	49.4854
-16.9331	-1.62421	50.5334
-13.8714	6.0395	48.3883
-9.88918	11.575	44.1321
-5.59635	14.5341	39.489
-1.57025	15.5294	35.7562
1.84968	15.4624	33.3615
4.57222	14.9548	32.1542
6.64874	14.2758	31.8069
8.17416	13.4841	32.0088
9.23614	12.559	32.5061
9.90072	11.4755	33.0924
10.2157	10.2376	33.5998
10.2201	8.88873	33.8995
9.95379	7.5051	33.9084
9.46405	6.17879	33.594
8.807	4.99637	32.9718
8.04487	4.02071	32.0934
7.24004	3.28167	31.0287
6.44837	2.77748	29.849
5.71419	2.48347	28.6153
5.06805	2.36349	27.3729
4.52713	2.37978	26.1526
4.09766	2.49945	24.9733
3.77802	2.69751	23.8462
3.56192	2.95742	22.7782
3.44102	3.27026	21.7741
3.40687	3.63333	20.8379
3.45216	4.04867	19.9741
3.57146	4.52183	19.1883
3.76154	5.06081	18.4879
4.02139	5.67519	17.8826
4.35215	6.37541	17.3853
4.7568	7.17183	17.0131
5.23981	8.07365	16.788
5.80658	9.08715	16.7387
6.46269	10.2132	16.9013
7.21279	11.4435	17.32
8.05893	12.7553	18.047
8.9982	14.1044	19.1404
10.0194	15.4167	20.6579
11.0989	16.5796	22.6454
12.195	17.4366	25.118
13.2434	17.7908	28.0312
14.1528	17.4268	31.2484
14.8076	16.1587	34.5146
15.0778	13.9063	37.4592
14.8435	10.7756	39.6549
14.03	7.10012	40.739
12.644	3.38357	40.5585
10.7919	0.140101	39.251
8.66154	-2.2911	37.1879
6.47101	-3.83691	34.8076
4.40943	-4.64121	32.4547
2.5993	-4.94124	30.3144
1.09119	-4.96273	28.4408
-0.119593	-4.8731	26.8156
-1.07029	-4.77847	25.3971
-1.81193	-4.73862	24.1449
-2.39727	-4.78355	23.0289
-2.87452	-4.92622	22.03
-3.28486	-5.17091	21.1383
-3.66207	-5.51828	20.3507
-4.03331	-5.96817	19.6695
-4.42028	-6.5208	19.1018
-4.84039	-7.17703	18.6596
-5.30772	-7.93772	18.3592
-5.83372	-8.80238	18.2226
-6.42745	-9.7671	18.2778
-7.09538	-10.8215	18.5585
-7.84061	-11.9449	19.1044
-8.66147	-13.101	19.9586
-9.54937	-14.232	21.1636
-10.4859	-15.253	22.753
-11.4393	-16.0483	24.7383
-12.3611	-16.4736	27.0906
-13.1836	-16.3689	29.7184
-13.8207	-15.5885	32.4494
-14.1742	-14.0468	35.0277
-14.1487	-11.7736	37.1416
-13.6737	-8.95133	38.4923
-12.7292	-5.90292	38.8874
-11.364	-3.01311	38.3162
-9.6938	-0.608197	36.9574
-7.87668	1.1406	35.1043
-6.07323	2.23696	33.0524
-4.41119	2.8059	31.0179
-2.96777	3.01603	29.116
-1.77101	3.02196	27.3842
-0.812417	2.93971	25.8166
-0.0619922	2.84544	24.392
0.519493	2.78405	23.0876
0.972405	2.77941	21.8851
1.33381	2.84275	20.772
1.63559	2.97871	19.74
1.90422	3.18933	18.7846
2.16124	3.47651	17.9042
2.42429	3.84336	17.0996
2.70811	4.29501	16.374
3.02549	4.8388	15.7333
3.38815	5.48428	15.187
3.80738	6.24284	14.7487
4.29447	7.12704	14.4375
4.86098	8.14937	14.2796
5.51866	9.32028	14.3103
6.27898	10.6448	14.5758
7.15216	12.1178	15.1352
8.14528	13.7156	16.0613
9.25935	15.3862	17.4391
10.4847	17.0342	19.3583
11.7946	18.5056	21.8979
13.1368	19.575	25.0953
14.4244	19.9466	28.8999
15.5289	19.2881	33.113
16.2807	17.3143	37.3374
16.4874	13.9276	40.9839
15.9755	9.36767	43.3907
14.6539	4.26284	44.0696
12.5757	-0.532069	42.9686
9.95415	-4.28623	40.5431
7.10607	-6.69762	37.5275
4.34533	-7.91773	34.5741
1.89272	-8.33071	32.0421
-0.151965	-8.31711	30.0178
-1.78499	-8.14463	28.4421
-3.05692	-7.96596	27.216
-4.03873	-7.85457	26.2515
-4.8019	-7.83871	25.4859
-5.40926	-7.92339	24.8794
-5.91209	-8.10252	24.4097
-6.35017	-8.36499	24.0659
-6.75314	-8.69734	23.8448
-7.14198	-9.0846	23.7478
-7.5305	-9.5103	23.7789
-7.92646	-9.95584	23.943
-8.33234	-10.3999	24.2443
-8.74585	-10.8178	24.6844
-9.16023	-11.1814	25.2601
-9.56445	-11.4597	25.9614
-9.9435	-11.6205	26.7689
-10.2789	-11.6329	27.6522
-10.5497	-11.4717	28.5688
-10.7341	-11.1223	29.4656
-10.8117	-10.5852	30.2819
-10.7664	-9.88005	30.9557
-10.5891	-9.046	31.4322
-10.2805	-8.13819	31.6716
-9.85205	-7.2205	31.6558
-9.32574	-6.35576	31.3902
-8.73175	-5.59632	30.9015
-8.10466	-4.97769	30.2307
-7.47927	-4.51655	29.4253
-6.88672	-4.21302	28.5315
-6.35198	-4.05555	27.5901
-5.8927	-4.02651	26.6339
-5.51946	-4.10698	25.6879
-5.23696	-4.28007	24.7713
-5.04558	-4.53264	23.8984
-4.94299	-4.85588	23.0813
-4.92557	-5.24503	22.3303
-4.98946	-5.69866	21.656
-5.1313	-6.21775	21.0697
-5.34859	-6.80462	20.5841
-5.6398	-7.46182	20.2142
-6.0042	-8.19079	19.9778
-6.44152	-8.99031	19.8959
-6.95128	-9.85457	19.993
-7.53194	-10.7707	20.2967
-8.17968	-11.7157	20.8367
-8.88687	-12.6532	21.642
-9.64014	-13.5302	22.7367
-10.4182	-14.2744	24.1328
-11.1894	-14.7947	25.8199
-11.9104	-14.9866	27.7537
-12.5257	-14.7456	29.8435
-12.9697	-13.9888	31.9458
-13.1735	-12.6855	33.8706
-13.0759	-10.8851	35.4065
-12.6377	-8.73047	36.3648
-11.8563	-6.44162	36.632
-10.7734	-4.26592	36.2058
-9.47187	-2.41253	35.194
-8.06	-1.00147	33.774
-6.6483	-0.0506816	32.1341
-5.32877	0.50003	30.427
-4.16301	0.748692	28.751
-3.18067	0.796245	27.1553
-2.38529	0.726583	25.6563
-1.76291	0.600244	24.2533
-1.29028	0.456138	22.9386
-0.940998	0.316404	21.7035
-0.689518	0.191576	20.54
-0.513299	0.0848683	19.4419
-0.393666	-0.00468633	18.4041
-0.31587	-0.0801439	17.4226
-0.268725	-0.145363	16.4939
-0.244052	-0.204295	15.615
-0.236101	-0.26066	14.7832
-0.241013	-0.317857	13.996
-0.256381	-0.379003	13.2511
-0.280906	-0.44705	12.5463
-0.314135	-0.524929	11.8797
-0.356293	-0.61571	11.2494
-0.408177	-0.722758	10.6538
-0.471093	-0.849909	10.0915
-0.546856	-1.00164	9.5613
-0.637813	-1.18328	9.06232
-0.746906	-1.40118	8.59409
-0.877761	-1.66305	8.15667
-1.03482	-1.97814	7.75085
-1.22348	-2.35766	7.37841
-1.45032	-2.81511	7.04258
-1.72328	-3.36671	6.74864
-2.05196	-4.03182	6.50474
-2.44793	-4.83333	6.32329
-2.92501	-5.79793	6.22268
-3.4996	-6.95595	6.22998
-4.19087	-8.34055	6.38458
-5.0208	-9.98549	6.74315
-6.01374	-11.9203	7.38622
-7.19505	-14.1612	8.426
-8.58829	-16.6947	10.0144
-10.2096	-19.4501	12.3479
-12.0577	-22.2571	15.6609
-14.0976	-24.7876	20.193
-16.2356	-26.4931	26.105
-18.2871	-26.5785	33.3153
-19.9454	-24.1029	41.2594
-20.7769	-18.3316	48.6737
-20.2878	-9.37425	53.6953
-18.1051	1.23924	54.6352
-14.2362	10.8591	51.2726
-9.21717	17.2682	45.4462
-3.92009	20.1389	39.8391
0.89171	20.6644	36.1354
4.84624	20.106	34.5767
7.89819	19.0664	34.6814
10.1318	17.6297	35.8435
11.6314	15.6877	37.5043
12.4427	13.163	39.1534
12.5867	10.1241	40.3409
12.0942	6.81503	40.738
11.0384	3.59761	40.2137
9.55022	0.829261	38.8632
7.80602	-1.26225	36.9489
5.99237	-2.63412	34.7813
4.26707	-3.39415	32.6106
2.73483	-3.71974	30.5817
1.44391	-3.78655	28.7472
0.39782	-3.7324	27.1047
-0.428224	-3.65063	25.6294
-1.0727	-3.59792	24.2937
-1.57775	-3.60548	23.0753
-1.98329	-3.68877	21.9584
-2.32439	-3.85464	20.9336
-2.63044	-4.10605	19.9963
-2.92556	-4.44499	19.1458
-3.22945	-4.87416	18.3848
-3.55839	-5.39771	17.7191
-3.92625	-6.02142	17.1582
-4.34529	-6.75234	16.716
-4.8267	-7.59794	16.4113
-5.38095	-8.56469	16.2695
-6.0177	-9.65583	16.3235
-6.74532	-10.868	16.615
-7.56986	-12.1866	17.195
-8.49321	-13.5787	18.123
-9.5103	-14.9849	19.463
-10.6052	-16.309	21.2751
-11.746	-17.4092	23.5997
-12.8786	-18.0947	26.4308
-13.9218	-18.137	29.6818
-14.7649	-17.306	33.1488
-15.2731	-15.4394	36.4913
-15.3064	-12.5369	39.2612
-14.7525	-8.8388	41.0052
-13.5697	-4.82486	41.4261
-11.8208	-1.08459	40.5261
-9.67352	1.89847	38.6212
-7.35912	3.91538	36.1941
-5.10422	5.04309	33.6874
-3.07476	5.52283	31.376
-1.35524	5.61998	29.3629
0.0398035	5.54452	27.6446
1.14075	5.43392	26.1746
1.99938	5.36688	24.9026
2.67288	5.3834	23.7891
3.21499	5.50084	22.8081
3.67216	5.72466	21.9454
4.08266	6.05484	21.1954
4.47709	6.48935	20.5594
4.87955	7.02581	20.044
5.3088	7.66174	19.6606
5.77939	8.39394	19.4255
6.3023	9.21717	19.3597
6.88527	10.1219	19.489
7.5326	11.0915	19.8434
8.24437	12.0984	20.4561
9.01519	13.1004	21.36
9.83222	14.0356	22.5828
10.6729	14.8201	24.1384
11.5023	15.348	26.0145
12.2715	15.4978	28.1578
12.9168	15.1491	30.4597
13.3632	14.2107	32.7487
13.5327	12.6573	34.8002
13.3576	10.5637	36.3699
12.7989	8.11637	37.2523
11.8624	5.58567	37.3431
10.607	3.25732	36.6767
9.13708	1.3515	35.4116
7.57997	-0.0299347	33.77
6.05799	-0.904057	31.9644
4.66558	-1.3663	30.1501
3.4592	-1.53959	28.4146
2.45944	-1.53748	26.7926
1.66006	-1.44734	25.288
1.03858	-1.32836	23.8913
0.565191	-1.21644	22.5895
0.208864	-1.13096	21.371
-0.0590995	-1.08064	20.2265
-0.263409	-1.06822	19.149
-0.424371	-1.09348	18.1333
-0.558194	-1.15536	17.1755
-0.677626	-1.25309	16.2724
-0.79272	-1.38697	15.4215
-0.91157	-1.55866	14.621
-1.04099	-1.7714	13.8696
-1.18707	-2.03016	13.1668
-1.35569	-2.34172	12.5128
-1.55289	-2.7148	11.9089
-1.78528	-3.16026	11.3581
-2.06027	-3.69126	10.8652
-2.38647	-4.32349	10.4378
-2.77387	-5.07525	10.0875
-3.23415	-5.96749	9.83103
-3.78082	-7.02336	9.6927
-4.42933	-8.26723	9.70684
-5.19691	-9.72241	9.92151
-6.10201	-11.407	10.4029
-7.16301	-13.3264	11.2402
-8.39569	-15.4609	12.5498
-9.80873	-17.746	14.4766
-11.3962	-20.044	17.1858
-13.1257	-22.1079	20.8378
-14.9222	-23.546	25.5301
-16.6469	-23.8122	31.1956
-18.08	-22.272	37.4598
-18.9184	-18.4059	43.5155
-18.8159	-12.1672	48.1589
-17.4861	-4.33769	50.1691
-14.8564	3.50211	49.0104
-11.1847	9.67488	45.356
-7.01281	13.3638	40.7728
-2.93749	14.888	36.7239
0.627611	15.1028	33.8906
3.52264	14.7268	32.2727
5.76347	14.1312	31.589
7.43702	13.4349	31.5331
8.63659	12.6407	31.8497
9.43741	11.7229	32.3345
9.89451	10.6703	32.8226
10.0497	9.50255	33.1837
9.94024	8.27062	33.3238
9.60632	7.04681	33.1908
9.09442	5.90859	32.7745
8.45725	4.92199	32.1012
7.7502	4.12985	31.2217
7.02613	3.54788	30.1967
6.33048	3.16824	29.0847
5.69803	2.96754	27.9347
5.15193	2.91563	26.783
4.70467	2.98272	25.655
4.36028	3.14371	24.5674
4.11697	3.38018	23.5313
3.96961	3.68053	22.5546
3.91179	4.03924	21.6439
3.93728	4.45573	20.8056
4.04097	4.93314	20.0468
4.21941	5.47725	19.3763
4.47098	6.09544	18.8051
4.79587	6.79573	18.3473
5.19584	7.58569	18.0206
5.67381	8.471	17.8478
6.23325	9.45362	17.8571
6.87732	10.529	18.0833
7.60766	11.6824	18.5671
8.42262	12.884	19.3543
9.3149	14.0827	20.4925
10.2685	15.1997	22.0231
11.2547	16.1232	23.9701
12.2284	16.7078	26.3209
13.1243	16.7843	29.0034
13.8563	16.1853	31.8622
14.3221	14.7913	34.6482
14.4159	12.5911	37.0372
14.051	9.7337	38.6921
13.1875	6.53434	39.3639
11.8569	3.40643	38.9879
10.1668	0.732663	37.7163
8.27996	-1.25767	35.8538
6.37244	-2.53309	33.7333
4.59133	-3.21313	31.6114
3.03044	-3.48049	29.6304
1.72825	-3.50969	27.8391
0.680663	-3.43394	26.2331
-0.142258	-3.34121	24.7872
-0.782048	-3.28352	23.4747
-1.28234	-3.28863	22.2741
-1.6836	-3.36971	21.1705
-2.02082	-3.53228	20.1549
-2.32311	-3.77871	19.2227
-2.61423	-4.11095	18.3731
-2.91358	-4.53207	17.6081
-3.23727	-5.04698	16.9331
-3.59921	-5.66257	16.3568
-4.01189	-6.38745	15.892
-4.487	-7.23122	15.557
-5.03584	-8.20323	15.3762
-5.66932	-9.3106	15.3823
-6.39757	-10.5551	15.6176
-7.22907	-11.9283	16.1352
-8.16892	-13.4052	16.9993
-9.21616	-14.9343	18.2828
-10.3598	-16.4268	20.0604
-11.5732	-17.7433	22.3941
-12.8072	-18.686	25.3067
-13.983	-19.0021	28.7433
-14.9868	-18.4142	32.5244
-15.6723	-16.6898	36.3092
-15.8758	-13.7515	39.604
-15.4509	-9.79203	41.8581
-14.3191	-5.31377	42.6516
-12.5181	-1.01151	41.8986
-10.2168	2.4884	39.9173
-7.67573	4.87376	37.2799
-5.16583	6.20088	34.5435
-2.89249	6.75291	32.0605
-0.963408	6.85275	29.9599
0.599824	6.75346	28.23
1.83055	6.61563	26.8054
2.78757	6.52705	25.618
3.53546	6.52931	24.6156
4.13423	6.63803	23.7645
4.63499	6.85548	23.0459
5.07909	7.17762	22.4523
5.4988	7.59761	21.9839
5.91856	8.10728	21.647
6.3563	8.69714	21.4522
6.82447	9.3556	21.4137
7.3307	10.0674	21.5486
7.87805	10.812	21.8754
8.46483	11.5607	22.4122
9.08401	12.2755	23.1741
9.72231	12.9068	24.1684
10.3592	13.3937	25.389
10.9661	13.6668	26.8099
11.5062	13.6544	28.3775
11.9359	13.2945	30.0062
12.2076	12.5497	31.5795
12.276	11.4247	32.9593
12.1058	9.97862	34.0065
11.6803	8.32478	34.6088
11.0092	6.61443	34.7077
10.1303	5.00521	34.313
9.10525	3.62606	33.4971
8.00941	2.55249	32.3709
6.91803	1.80128	31.0533
5.89468	1.34279	29.6464
4.9843	1.12184	28.2235
4.21181	1.07712	26.8301
3.58487	1.15412	25.4899
3.09872	1.31101	24.2132
2.74118	1.51947	23.0031
2.49684	1.76303	21.8595
2.35008	2.03441	20.7817
2.28694	2.33299	19.769
2.29615	2.66281	18.8214
2.36948	3.03106	17.9398
2.5018	3.44719	17.1267
2.69088	3.9223	16.3857
2.93716	4.4689	15.7229
3.24351	5.10072	15.1469
3.61495	5.83249	14.6699
4.05846	6.67959	14.3092
4.58269	7.65727	14.0882
5.1976	8.77919	14.0387
5.91392	10.0549	14.2026
6.74212	11.4857	14.6344
7.69084	13.0583	15.4026
8.76433	14.7348	16.5898
9.95843	16.4402	18.2878
11.2548	18.0457	20.5868
12.613	19.3535	23.5509
13.9611	20.0888	27.1769
15.1866	19.9168	31.3367
16.1327	18.505	35.7148
16.6071	15.6457	39.7807
16.4148	11.4199	42.8557
15.4159	6.31448	44.3192
13.5956	1.15671	43.9023
11.1078	-3.19046	41.8754
8.24816	-6.20915	38.9333
5.3567	-7.88856	35.8325
2.70765	-8.56992	33.0763
0.452133	-8.67342	30.8482
-1.37298	-8.5257	29.1245
-2.80352	-8.32431	27.8053
-3.90768	-8.16874	26.7891
-4.75989	-8.1	25.9988
-5.42791	-8.12851	25.3833
-5.96803	-8.25001	24.9119
-6.42443	-8.4536	24.568
-6.83026	-8.7255	24.3439
-7.20931	-9.05043	24.2375
-7.57754	-9.41192	24.2498
-7.94441	-9.79203	24.3829
-8.31394	-10.1709	24.6383
-8.68533	-10.5265	25.0154
-9.05356	-10.8344	25.5098
-9.40972	-11.0686	26.1111
-9.7415	-11.2027	26.8015
-10.0337	-11.2122	27.5547
-10.2694	-11.0773	28.3352
-10.431	-10.7869	29.0991
-10.5022	-10.3419	29.7975
-10.4701	-9.75746	30.3805
-10.3276	-9.06383	30.8035
-10.0748	-8.30349	31.0328
-9.72056	-7.52633	31.0508
-9.28171	-6.78269	30.858
-8.78191	-6.1165	30.4713
-8.24883	-5.56011	29.9205
-7.71108	-5.13208	29.242
-7.19528	-4.8379	28.4739
-6.72381	-4.67294	27.6515
-6.31363	-4.62635	26.8051
-5.97618	-4.6847	25.9597
-5.71788	-4.83487	25.1351
-5.54128	-5.06579	24.3475
-5.44618	-5.36927	23.6104
-5.4308	-5.74001	22.936
-5.49264	-6.17525	22.3362
-5.62916	-6.67392	21.8233
-5.83811	-7.23584	21.4108
-6.11766	-7.86049	21.1137
-6.46623	-8.54584	20.9494
-6.88215	-9.28674	20.9373
-7.36307	-10.0731	21.0989
-7.90508	-10.8879	21.457
-8.50165	-11.7046	22.034
-9.14225	-12.4849	22.8491
-9.81079	-13.1771	23.9133
-10.484	-13.7154	25.2234
-11.1303	-14.0233	26.754
-11.7089	-14.0202	28.4488
-12.1712	-13.6347	30.2148
-12.4639	-12.8229	31.9223
-12.5357	-11.5886	33.4163
-12.3463	-9.99895	34.5395
-11.8768	-8.1842	35.1664
-11.1383	-6.31825	35.2349
-10.1743	-4.5802	34.7632
-9.05546	-3.11239	33.8411
-7.86685	-1.99226	32.6
-6.69193	-1.22867	31.1748
-5.59928	-0.779195	29.6765
-4.63526	-0.575862	28.1811
-3.82338	-0.547561	26.7314
-3.16822	-0.633612	25.3476
-2.6613	-0.789005	24.0359
-2.28684	-0.984217	22.796
-2.02631	-1.20255	21.6252
-1.86156	-1.43684	20.5206
-1.77662	-1.68657	19.4797
-1.75861	-1.95559	18.5007
-1.798	-2.25059	17.5828
-1.88852	-2.58018	16.726
-2.02685	-2.9544	15.9314
-2.21236	-3.38454	15.2014
-2.4468	-3.88315	14.5405
-2.73407	-4.46414	13.955
-3.08008	-5.14286	13.4548
-3.49264	-5.93601	13.054
-3.98131	-6.86131	12.7725
-4.55731	-7.93659	12.6376
-5.23317	-9.17808	12.687
-6.02215	-10.5972	12.971
-6.93717	-12.1954	13.5556
-7.98882	-13.9556	14.5246
-9.18217	-15.8295	15.9797
-10.5116	-17.7204	18.0345
-11.9534	-19.461	20.798
-13.4549	-20.7936	24.3413
-14.9227	-21.3622	28.6386
-16.2106	-20.7444	33.4869
-17.1173	-18.5506	38.4265
-17.404	-14.6101	42.7278
-16.8452	-9.19146	45.5345
-15.3145	-3.10019	46.2026
-12.8716	2.53708	44.688
-9.78987	6.78237	41.6515
-6.47542	9.31966	38.1022
-3.31641	10.4416	34.8631
-0.564808	10.688	32.3111
1.68575	10.5229	30.4671
3.45318	10.2293	29.197
4.8084	9.94202	28.3463
5.83512	9.70987	27.7906
6.61007	9.54011	27.4416
7.19608	9.42313	27.2393
7.64149	9.34415	27.1427
7.98202	9.28829	27.1232
8.24328	9.24251	27.1594
8.44312	9.19625	27.2346
8.59375	9.14156	27.335
8.70331	9.07302	27.4484
8.77725	8.98758	27.5638
8.81932	8.88441	27.6714
8.83234	8.76468	27.7627
8.81881	8.6313	27.8303
8.78131	8.48861	27.8683
8.72277	8.34196	27.8729
8.64661	8.1973	27.8416
8.55675	8.06075	27.7743
8.45755	7.93816	27.6725
8.35367	7.8348	27.5394
8.24989	7.75506	27.3796
8.15093	7.70233	27.1989
8.06121	7.67888	27.0039
7.98474	7.68589	26.8017
7.92497	7.72353	26.5997
7.88468	7.79101	26.4052
7.86595	7.88667	26.2255
7.87009	8.00809	26.0676
7.89769	8.1521	25.9378
7.94857	8.31479	25.8421
8.02182	8.49154	25.7857
8.11576	8.67697	25.7728
8.22801	8.86495	25.8066
8.35539	9.04859	25.8891
8.49403	9.22036	26.0204
8.6393	9.37224	26.199
8.78589	9.49598	26.4212
8.92791	9.58349	26.6806
9.05902	9.62741	26.9689
9.1727	9.62168	27.2748
9.26249	9.56228	27.5853
9.32245	9.44785	27.8855
9.34753	9.28024	28.1598
9.33407	9.06476	28.3929
9.28021	8.81011	28.5708
9.18619	8.52796	28.6823
9.05454	8.23205	28.7193
8.89005	7.93715	28.6784
8.69947	7.65779	28.5601
8.49113	7.40718	28.3693
8.27434	7.19633	28.1141
8.05874	7.03351	27.8056
7.85369	6.92417	27.4563
7.66779	6.87109	27.0796
7.50845	6.87482	26.689
7.38172	6.93419	26.298
7.29222	7.04678	25.9192
7.24313	7.20932	25.5645
7.23637	7.41795	25.2455
7.27268	7.66824	24.9726
7.3518	7.95522	24.7561
7.47248	8.27308	24.6055
7.6326	8.61493	24.5296
7.82907	8.97239	24.5365
8.05773	9.33527	24.6328
8.31324	9.69122	24.8234
8.58884	10.0255	25.1108
8.87618	10.3213	25.4937
9.16521	10.5598	25.9663
9.44413	10.7214	26.5171
9.69958	10.7871	27.128
9.91708	10.7405	27.7737
10.0818	10.5706	28.4228
10.1795	10.2739	29.0383
10.1984	9.85704	29.5812
10.1301	9.33737	30.0141
9.97157	8.74257	30.3051
9.72577	8.108	30.4324
9.40222	7.47271	30.3865
9.01632	6.87449	30.171
8.58795	6.34551	29.8016
8.13946	5.90916	29.3021
7.6934	5.57901	28.7012
7.27052	5.35954	28.0289
6.88833	5.24814	27.3134
6.56029	5.23777	26.5797
6.29579	5.31937	25.8493
6.1005	5.48378	25.1405
5.97716	5.723	24.4687
5.92633	6.03067	23.8479
5.9472	6.4022	23.2908
6.0382	6.83428	22.8101
6.19741	7.32435	22.4189
6.4228	7.86963	22.1311
6.71217	8.46613	21.9617
7.06296	9.10742	21.9269
7.47185	9.78315	22.044
7.93411	10.4775	22.3303
8.4428	11.1677	22.8019
8.98777	11.8221	23.4715
9.55463	12.3996	24.3448
10.1236	12.8501	25.4159
10.6689	13.1163	26.6622
11.1584	13.1395	28.0389
11.5546	12.868	29.4758
11.8173	12.2696	30.8775
11.9078	11.3441	32.1305
11.795	10.1335	33.1186
11.4627	8.72337	33.7427
10.9149	7.23235	33.943
10.1784	5.79037	33.7115
9.30076	4.51188	33.0923
8.34298	3.4744	32.1667
7.36926	2.70967	31.0308
6.43734	2.20877	29.7752
5.59163	1.93604	28.4716
4.86051	1.84458	27.1696
4.25733	1.88841	25.8999
3.78354	2.02946	24.6793
3.43273	2.24015	23.5167
3.19421	2.50315	22.4163
3.056	2.8098	21.3806
3.00676	3.15818	20.4121
3.03704	3.55132	19.5133
3.1399	3.99578	18.6883
3.31107	4.50062	17.9426
3.54898	5.07662	17.2837
3.85451	5.73573	16.7222
4.23076	6.49043	16.2725
4.68269	7.35294	15.9538
5.21674	8.33405	15.7916
5.8402	9.44113	15.8189
6.56039	10.6751	16.078
7.38333	12.0259	16.6212
8.31184	13.4656	17.5105
9.3426	14.94	18.8151
10.4621	16.3575	20.6032
11.6412	17.578	22.927
12.8285	18.4076	25.7968
13.9443	18.6047	29.1438
14.8764	17.9136	32.7781
15.4838	16.1337	36.3597
15.6138	13.2222	39.4168
15.1355	9.39257	41.4435
13.9869	5.13522	42.0764
12.2166	1.0948	41.2689
9.99222	-2.1691	39.3354
7.55995	-4.39103	36.804
5.16976	-5.63437	34.1772
3.00893	-6.16037	31.7719
1.17507	-6.26415	29.7066
-0.312774	-6.17898	27.9751
-1.48601	-6.05555	26.5217
-2.39992	-5.97838	25.2872
-3.11561	-5.98902	24.2255
-3.69029	-6.10444	23.3067
-4.17312	-6.32874	22.5142
-4.60425	-6.66003	21.8416
-5.0154	-7.09392	21.29
-5.43111	-7.62511	20.8661
-5.86991	-8.2475	20.5815
-6.34543	-8.95346	20.4521
-6.86703	-9.73229	20.4976
-7.44008	-10.568	20.741
-8.06567	-11.4368	21.2074
-8.7399	-12.3038	21.9212
-9.45268	-13.1203	22.9028
-10.1862	-13.8215	24.1617
-10.9133	-14.3271	25.6889
-11.596	-14.545	27.4459
-12.1858	-14.3826	29.3554
-12.6252	-13.7646	31.2951
-12.853	-12.6573	33.1016
-12.8139	-11.0927	34.5899
-12.4697	-9.18201	35.5879
-11.8121	-7.10601	35.9798
-10.8709	-5.07873	35.7396
-9.71247	-3.29442	34.9377
-8.42886	-1.88089	33.7143
-7.11926	-0.879974	32.2333
-5.87141	-0.259619	30.6395
-4.74905	0.0555202	29.0358
-3.78813	0.152795	27.482
-2.99995	0.110493	26.0047
-2.37786	-0.011432	24.6112
-1.90457	-0.172367	23.2991
-1.55813	-0.347984	22.0631
-1.3161	-0.526035	20.8972
-1.15809	-0.702475	19.7965
-1.06697	-0.878432	18.757
-1.02926	-1.0581	17.7754
-1.03503	-1.24742	16.8491
-1.07751	-1.4533	15.9763
-1.15266	-1.68334	15.1556
-1.2588	-1.94578	14.3861
-1.3962	-2.24961	13.6678
-1.56688	-2.60483	13.0017
-1.77447	-3.02275	12.3899
-2.02413	-3.51628	11.8364
-2.32256	-4.1003	11.3474
-2.67811	-4.79183	10.9327
-3.10085	-5.61015	10.6063
-3.60271	-6.57665	10.3885
-4.1975	-7.7141	10.3084
-4.90082	-9.04503	10.4062
-5.72966	-10.5886	10.7378
-6.70145	-12.355	11.3785
-7.83216	-14.3356	12.4275
-9.13285	-16.4883	14.0103
-10.6039	-18.7138	16.2748
-12.2259	-20.8262	19.3756
-13.946	-22.5185	23.4346
-15.6605	-23.3415	28.4656
-17.1967	-22.7288	34.2582
-18.3031	-20.1218	40.2483
-18.6669	-15.2358	45.4676
-17.9806	-8.40974	48.7307
-16.0665	-0.786507	49.156
-13.0105	6.02727	46.7871
-9.20292	10.7953	42.7234
-5.20328	13.2894	38.4579
-1.50475	14.1119	35.0238
1.61858	14.041	32.7312
4.10306	13.607	31.4401
6.00386	13.0526	30.8799
7.41361	12.4457	30.8003
8.42004	11.7816	31.0029
9.09236	11.0403	31.3335
9.48195	10.2133	31.67
9.62822	9.31307	31.9178
9.56519	8.37238	32.0089
9.32663	7.43802	31.9034
8.94891	6.56115	31.5893
8.47136	5.78752	31.0789
7.93459	5.15013	30.4019
7.3777	4.66597	29.5977
6.83535	4.3369	28.7077
6.33566	4.15341	27.7695
5.89921	4.09956	26.8147
5.53928	4.15741	25.8683
5.26291	4.31042	24.9492
5.07241	4.54533	24.0723
4.96699	4.85288	23.2496
4.94417	5.22773	22.4917
5.00088	5.66786	21.8091
5.13428	6.17371	21.2128
5.34216	6.74718	20.7154
5.62317	7.39055	20.3315
5.97664	8.10516	20.0783
6.40235	8.88997	19.9763
6.89987	9.73958	20.0492
7.46781	10.642	20.324
8.10265	11.5756	20.8295
8.79724	12.5061	21.5944
9.53901	13.383	22.6431
10.3078	14.1373	23.9887
11.0737	14.6815	25.6238
11.7953	14.9142	27.5088
12.4191	14.7318	29.56
12.8816	14.0497	31.6425
13.1152	12.8303	33.5746
13.0582	11.1114	35.1494
12.6689	9.02202	36.1767
11.9395	6.7698	36.5332
10.9056	4.59676	36.2013
9.6438	2.71602	35.2732
8.25825	1.25888	33.9158
6.85837	0.256615	32.3149
5.53802	-0.340381	30.6266
4.36234	-0.6245	28.9555
3.36497	-0.695376	27.3567
2.5529	-0.638177	25.8509
1.91469	-0.515685	24.4396
1.42861	-0.369031	23.1164
1.06908	-0.222115	21.873
0.810844	-0.0866672	20.7017
0.631342	0.033422	19.5962
0.511758	0.138867	18.5515
0.43718	0.232797	17.5635
0.396303	0.319393	16.6288
0.380921	0.403134	15.7445
0.385364	0.488439	14.9078
0.405979	0.579575	14.1165
0.440698	0.680712	13.3683
0.488701	0.796061	12.6614
0.550173	0.93006	11.9939
0.62615	1.08758	11.3644
0.718436	1.27416	10.7719
0.82958	1.49622	10.2158
0.962908	1.76136	9.69574
1.1226	2.07864	9.21255
1.31381	2.45889	8.76789
1.54282	2.91505	8.36488
1.81727	3.46262	8.0087
2.14634	4.11996	7.70742
2.54106	4.90866	7.47321
3.01458	5.85368	7.3241
3.5824	6.98319	7.28641
4.26256	8.32762	7.39814
5.07557	9.9174	7.71351
6.04394	11.7784	8.30885
7.19082	13.923	9.28947
8.53727	16.3355	10.7964
10.0969	18.9462	13.0098
11.8668	21.5944	16.1419
13.8123	23.9768	20.4061
15.8452	25.5951	25.9413
17.7952	25.7356	32.6689
19.3832	23.5592	40.0859
20.2184	18.4027	47.0811
19.8553	10.3189	52.0116
17.948	0.577342	53.3353
14.4739	-8.52858	50.698
9.87339	-14.9286	45.5253
4.91299	-18.0907	40.1494
0.31226	-18.9227	36.2305
-3.53472	-18.5956	34.18
-6.5469	-17.7868	33.6717
-8.79488	-16.6884	34.2048
-10.3736	-15.2632	35.316
-11.3515	-13.4401	36.5992
-11.7692	-11.219	37.6986
-11.6592	-8.71176	38.3288
-11.0697	-6.12902	38.316
-10.0816	-3.72254	37.6294
-8.80977	-1.7065	36.3731
-7.38911	-0.197072	34.7339
-5.9507	0.802015	32.9105
-4.60016	1.3704	31.0598
-3.40605	1.6245	29.2772
-2.39994	1.67902	27.6051
-1.58415	1.62648	26.0523
-0.942021	1.53224	24.6113
-0.447168	1.43775	23.2698
-0.0701839	1.36669	22.0159
0.217192	1.33096	20.8398
0.439946	1.33544	19.7341
0.619045	1.38147	18.6934
0.77153	1.46906	17.7135
0.911036	1.59841	16.7914
